,date,open,close,high,low,volume,code
0,1997-05-26,3.275,3.694,3.713,3.156,1245885.6,600068
1,1997-05-27,3.645,3.769,3.942,3.554,734746.98,600068
2,1997-05-28,3.717,3.82,3.928,3.694,390249.6,600068
3,1997-05-29,3.846,4.016,4.138,3.811,380349.95,600068
4,1997-05-30,4.052,4.152,4.159,3.951,268360.99,600068
5,1997-06-02,4.278,4.568,4.568,4.278,290308.89,600068
6,1997-06-03,4.746,4.945,5.024,4.676,452037.77,600068
7,1997-06-04,4.945,4.874,5.022,4.687,257451.61,600068
8,1997-06-05,4.863,5.298,5.354,4.793,289938.05,600068
9,1997-06-06,4.795,4.767,5.143,4.767,443684.97,600068
10,1997-06-09,4.863,4.715,4.947,4.589,138887.97,600068
11,1997-06-10,4.746,4.559,4.835,4.531,100509.41,600068
12,1997-06-11,4.559,4.465,4.559,4.143,154303.01,600068
13,1997-06-12,4.442,4.395,4.575,4.332,84623.95,600068
14,1997-06-13,4.26,4.65,4.671,4.25,130372.38,600068
15,1997-06-16,4.699,4.624,4.781,4.606,113879.21,600068
16,1997-06-17,4.594,4.538,4.629,4.512,51723.17,600068
17,1997-06-18,4.538,4.507,4.641,4.484,39912.27,600068
18,1997-06-19,4.524,4.484,4.601,4.444,34609.54,600068
19,1997-06-20,4.559,4.72,4.767,4.547,75110.9,600068
20,1997-06-23,4.804,4.652,4.909,4.582,90777.7,600068
21,1997-06-24,4.678,4.685,4.718,4.606,47149.36,600068
22,1997-06-25,4.701,4.881,4.956,4.648,130981.46,600068
23,1997-06-26,4.909,4.769,4.909,4.758,54477.17,600068
24,1997-06-27,4.769,4.592,4.811,4.535,88081.54,600068
25,1997-07-02,4.458,4.348,4.617,4.133,64192.41,600068
26,1997-07-03,4.278,4.182,4.325,4.161,47456.4,600068
27,1997-07-04,4.133,4.185,4.232,4.044,38500.02,600068
28,1997-07-07,4.18,3.766,4.185,3.766,46332.99,600068
29,1997-07-08,3.741,3.755,3.857,3.509,49449.9,600068
30,1997-07-09,3.755,3.93,3.974,3.755,43980.64,600068
31,1997-07-10,3.949,3.86,3.998,3.857,29162.0,600068
32,1997-07-11,3.834,4.009,4.033,3.783,32240.25,600068
33,1997-07-14,4.009,3.993,4.091,3.928,37508.35,600068
34,1997-07-15,3.993,3.909,4.007,3.806,44962.43,600068
35,1997-07-16,3.904,3.951,4.047,3.822,35495.02,600068
36,1997-07-17,3.93,3.904,4.009,3.853,22990.0,600068
37,1997-07-18,3.904,3.9,3.932,3.853,25148.96,600068
38,1997-07-21,3.9,3.769,3.914,3.745,33920.69,600068
39,1997-07-22,3.743,3.815,3.857,3.649,23526.56,600068
40,1997-07-23,3.811,3.741,3.893,3.738,20302.5,600068
41,1997-07-24,3.731,3.701,3.79,3.682,16755.0,600068
42,1997-07-25,3.67,3.764,3.834,3.67,16755.82,600068
43,1997-07-28,3.682,3.542,3.717,3.507,14497.8,600068
44,1997-07-29,3.53,3.551,3.617,3.479,15890.08,600068
45,1997-07-30,3.577,3.621,3.668,3.565,11265.53,600068
46,1997-07-31,3.647,3.647,3.713,3.628,11733.12,600068
47,1997-08-01,3.659,3.752,3.811,3.659,16260.49,600068
48,1997-08-04,3.764,3.745,3.799,3.689,13803.43,600068
49,1997-08-05,3.745,3.696,3.762,3.682,10448.51,600068
50,1997-08-06,3.694,3.6,3.696,3.596,9829.0,600068
51,1997-08-07,3.577,3.813,3.813,3.542,10587.83,600068
52,1997-08-08,3.778,3.654,3.778,3.589,12946.47,600068
53,1997-08-11,3.659,3.577,3.682,3.577,11267.0,600068
54,1997-08-12,3.577,3.516,3.624,3.509,10964.0,600068
55,1997-08-13,3.518,3.437,3.554,3.437,15395.0,600068
56,1997-08-14,3.444,3.549,3.565,3.444,11881.52,600068
57,1997-08-15,3.556,3.432,3.577,3.39,11940.4,600068
58,1997-08-18,3.409,3.308,3.409,3.264,14705.7,600068
59,1997-08-19,3.572,3.526,3.64,3.437,23950.22,600068
60,1997-08-20,3.526,3.563,3.582,3.483,12312.95,600068
61,1997-08-21,3.589,3.565,3.6,3.528,14040.41,600068
62,1997-08-22,3.572,3.647,3.706,3.533,20441.93,600068
63,1997-08-25,3.694,3.743,3.785,3.673,23823.25,600068
64,1997-08-26,3.752,3.713,3.78,3.694,22607.25,600068
65,1997-08-27,3.722,3.696,3.731,3.666,12986.7,600068
66,1997-08-28,3.717,3.741,3.82,3.706,19247.81,600068
67,1997-08-29,3.741,3.752,3.776,3.699,15192.81,600068
68,1997-09-01,3.717,3.925,3.963,3.717,48638.55,600068
69,1997-09-02,3.925,3.883,3.995,3.857,31493.4,600068
70,1997-09-03,3.883,3.895,3.925,3.839,16714.45,600068
71,1997-09-04,3.946,3.965,4.016,3.907,29494.94,600068
72,1997-09-05,3.958,3.909,3.993,3.9,14205.73,600068
73,1997-09-08,3.904,3.946,3.946,3.813,15034.28,600068
74,1997-09-09,3.928,3.799,3.93,3.787,9140.21,600068
75,1997-09-10,3.787,3.815,3.829,3.741,10830.47,600068
76,1997-09-11,3.815,3.811,3.904,3.787,13959.5,600068
77,1997-09-12,3.799,3.731,3.811,3.717,11347.0,600068
78,1997-09-15,3.717,3.605,3.717,3.586,12561.0,600068
79,1997-09-16,3.605,3.67,3.706,3.605,8751.06,600068
80,1997-09-17,3.647,3.589,3.682,3.577,4701.7,600068
81,1997-09-18,3.596,3.619,3.666,3.589,5471.75,600068
82,1997-09-19,3.647,3.713,3.764,3.635,8892.52,600068
83,1997-09-22,3.694,3.495,3.701,3.483,10230.5,600068
84,1997-09-23,3.483,3.338,3.568,3.296,16354.54,600068
85,1997-09-24,3.481,3.596,3.624,3.392,26008.31,600068
86,1997-09-25,3.617,3.596,3.694,3.572,15069.9,600068
87,1997-09-26,3.596,3.554,3.624,3.495,8216.91,600068
88,1997-09-29,3.596,3.474,3.596,3.451,8142.0,600068
89,1997-09-30,3.502,3.502,3.549,3.479,7909.0,600068
90,1997-10-06,3.614,3.703,3.787,3.558,29606.59,600068
91,1997-10-07,3.682,3.691,3.764,3.635,12571.77,600068
92,1997-10-08,3.759,3.729,3.776,3.694,19099.79,600068
93,1997-10-09,3.741,3.717,3.771,3.694,9004.54,600068
94,1997-10-10,3.743,3.792,3.869,3.736,21300.64,600068
95,1997-10-13,3.811,3.741,3.853,3.729,9996.81,600068
96,1997-10-14,3.752,3.715,3.752,3.67,7818.58,600068
97,1997-10-15,3.832,3.778,3.834,3.748,11251.72,600068
98,1997-10-16,3.811,3.895,3.974,3.787,33436.69,600068
99,1997-10-17,3.909,3.988,4.044,3.909,56395.13,600068
100,1997-10-20,4.044,4.101,4.18,3.977,57996.63,600068
101,1997-10-21,4.101,4.089,4.115,4.033,29627.2,600068
102,1997-10-22,4.115,4.152,4.302,4.08,78635.5,600068
103,1997-10-23,4.15,4.22,4.278,4.091,55016.31,600068
104,1997-10-24,4.22,4.405,4.437,4.22,77890.9,600068
105,1997-10-27,4.559,4.552,4.676,4.447,88576.92,600068
106,1997-10-28,4.549,4.22,4.552,4.196,77221.94,600068
107,1997-10-29,4.166,4.253,4.278,4.115,50972.64,600068
108,1997-10-30,4.302,4.208,4.405,4.196,48933.99,600068
109,1997-10-31,4.138,4.302,4.325,4.119,34474.45,600068
110,1997-11-03,4.348,4.267,4.372,4.232,21043.07,600068
111,1997-11-04,4.267,4.227,4.323,4.185,20041.95,600068
112,1997-11-05,4.232,4.297,4.407,4.227,32743.78,600068
113,1997-11-06,4.325,4.22,4.381,4.196,32813.47,600068
114,1997-11-07,4.22,4.14,4.283,4.044,55159.71,600068
115,1997-11-10,4.115,3.881,4.115,3.872,52237.46,600068
116,1997-11-11,3.834,3.874,3.911,3.801,32642.45,600068
117,1997-11-12,3.86,3.741,3.874,3.717,27744.7,600068
118,1997-11-13,3.741,3.857,3.9,3.708,21455.7,600068
119,1997-11-14,3.895,3.811,3.904,3.787,13667.65,600068
120,1997-11-17,3.857,3.729,3.862,3.717,17410.65,600068
121,1997-11-18,3.706,3.699,3.764,3.694,9625.27,600068
122,1997-11-19,3.694,3.727,3.783,3.694,7951.83,600068
123,1997-11-20,3.724,3.72,3.811,3.713,9924.49,600068
124,1997-11-21,3.717,3.659,3.72,3.635,13864.81,600068
125,1997-11-24,3.624,3.535,3.635,3.53,7121.78,600068
126,1997-11-25,3.521,3.593,3.596,3.385,32759.37,600068
127,1997-11-26,3.409,3.582,3.593,3.409,45605.0,600068
128,1997-11-27,3.535,3.49,3.554,3.472,18096.79,600068
129,1997-11-28,3.474,3.577,3.582,3.448,16146.17,600068
130,1997-12-01,3.556,3.514,3.565,3.502,9702.99,600068
131,1997-12-02,3.509,3.49,3.526,3.474,9070.8,600068
132,1997-12-03,3.483,3.511,3.511,3.46,6386.55,600068
133,1997-12-04,3.504,3.568,3.577,3.483,10276.95,600068
134,1997-12-05,3.568,3.53,3.586,3.53,9004.97,600068
135,1997-12-08,3.53,3.509,3.577,3.502,6200.0,600068
136,1997-12-09,3.507,3.577,3.579,3.495,8867.73,600068
137,1997-12-10,3.577,3.598,3.666,3.556,11631.49,600068
138,1997-12-11,3.6,3.547,3.612,3.518,7489.88,600068
139,1997-12-12,3.549,3.526,3.572,3.514,12451.16,600068
140,1997-12-15,3.533,3.528,3.542,3.507,10874.61,600068
141,1997-12-16,3.542,3.589,3.642,3.533,12153.51,600068
142,1997-12-17,3.586,3.49,3.586,3.483,12967.0,600068
143,1997-12-18,3.481,3.472,3.495,3.441,10832.91,600068
144,1997-12-19,3.472,3.479,3.49,3.439,10692.49,600068
145,1997-12-22,3.479,3.458,3.479,3.369,19473.61,600068
146,1997-12-23,3.554,3.493,3.572,3.479,8144.2,600068
147,1997-12-24,3.493,3.518,3.518,3.432,13641.51,600068
148,1997-12-25,3.518,3.502,3.596,3.472,10685.0,600068
149,1997-12-26,3.53,3.521,3.624,3.507,9029.9,600068
150,1997-12-29,3.521,3.483,3.521,3.467,11555.02,600068
151,1997-12-30,3.483,3.437,3.483,3.432,10747.93,600068
152,1997-12-31,3.439,3.472,3.507,3.427,7814.51,600068
153,1998-01-05,3.46,3.523,3.584,3.409,20780.49,600068
154,1998-01-06,3.53,3.502,3.554,3.493,18273.52,600068
155,1998-01-07,3.502,3.624,3.635,3.479,28745.79,600068
156,1998-01-08,3.624,3.647,3.731,3.589,20403.51,600068
157,1998-01-09,3.624,3.736,3.787,3.589,41258.37,600068
158,1998-01-12,3.741,3.642,3.806,3.642,17855.58,600068
159,1998-01-13,3.577,3.479,3.596,3.278,27113.7,600068
160,1998-01-14,3.507,3.518,3.535,3.479,14808.6,600068
161,1998-01-15,3.577,3.502,3.6,3.448,9823.33,600068
162,1998-01-16,3.507,3.502,3.551,3.483,11137.52,600068
163,1998-01-19,3.507,3.46,3.518,3.448,7741.41,600068
164,1998-01-20,3.46,3.455,3.472,3.413,7361.55,600068
165,1998-01-21,3.453,3.474,3.507,3.437,5636.92,600068
166,1998-01-22,3.46,3.46,3.474,3.437,7125.38,600068
167,1998-01-23,3.479,3.526,3.544,3.479,6816.06,600068
168,1998-02-09,3.577,3.54,3.642,3.518,8271.5,600068
169,1998-02-10,3.53,3.554,3.628,3.507,10992.66,600068
170,1998-02-11,3.554,3.554,3.589,3.507,8122.3,600068
171,1998-02-12,3.554,3.589,3.647,3.554,9859.39,600068
172,1998-02-13,3.577,3.537,3.6,3.526,6196.72,600068
173,1998-02-16,3.518,3.488,3.53,3.472,9858.31,600068
174,1998-02-17,3.483,3.488,3.504,3.455,4753.91,600068
175,1998-02-18,3.488,3.514,3.563,3.437,8787.19,600068
176,1998-02-19,3.516,3.495,3.516,3.472,4108.72,600068
177,1998-02-20,3.495,3.46,3.507,3.451,5332.0,600068
178,1998-02-23,3.437,3.437,3.453,3.413,8324.81,600068
179,1998-02-24,3.437,3.483,3.504,3.413,6796.34,600068
180,1998-02-25,3.472,3.413,3.472,3.409,4612.51,600068
181,1998-02-26,3.416,3.399,3.432,3.378,5798.57,600068
182,1998-02-27,3.397,3.404,3.444,3.397,4358.5,600068
183,1998-03-02,3.367,3.303,3.39,3.273,9207.54,600068
184,1998-03-03,3.275,3.334,3.343,3.273,8164.26,600068
185,1998-03-04,3.334,3.348,3.362,3.301,4892.37,600068
186,1998-03-05,3.348,3.322,3.367,3.315,4882.63,600068
187,1998-03-06,3.322,3.32,3.331,3.301,3970.77,600068
188,1998-03-09,3.32,3.278,3.331,3.271,7480.16,600068
189,1998-03-10,3.271,3.259,3.273,3.212,8818.76,600068
190,1998-03-11,3.273,3.226,3.296,3.219,6258.0,600068
191,1998-03-12,3.226,3.203,3.245,3.203,5965.2,600068
192,1998-03-13,3.226,3.299,3.336,3.158,5206.54,600068
193,1998-03-16,3.296,3.254,3.32,3.226,6060.1,600068
194,1998-03-17,3.285,3.317,3.341,3.254,6492.0,600068
195,1998-03-18,3.32,3.266,3.341,3.259,4343.7,600068
196,1998-03-19,3.266,3.233,3.268,3.215,5214.65,600068
197,1998-03-20,3.236,3.252,3.285,3.231,3736.62,600068
198,1998-03-23,3.25,3.205,3.25,3.198,6389.73,600068
199,1998-03-24,3.245,3.226,3.245,3.203,5269.65,600068
200,1998-03-25,3.273,3.222,3.32,3.215,6089.0,600068
201,1998-03-26,3.222,3.182,3.245,3.18,6035.17,600068
202,1998-03-27,3.175,3.243,3.313,3.144,10385.78,600068
203,1998-03-30,3.25,3.336,3.367,3.215,14581.47,600068
204,1998-03-31,3.331,3.275,3.331,3.261,8470.98,600068
205,1998-04-01,3.273,3.243,3.296,3.226,9215.3,600068
206,1998-04-02,3.252,3.296,3.338,3.247,19925.6,600068
207,1998-04-03,3.294,3.413,3.458,3.275,21516.61,600068
208,1998-04-06,3.46,3.413,3.483,3.367,13348.06,600068
209,1998-04-07,3.413,3.364,3.425,3.345,8939.4,600068
210,1998-04-08,3.355,3.362,3.367,3.32,12601.19,600068
211,1998-04-09,3.367,3.362,3.425,3.322,13728.55,600068
212,1998-04-10,3.367,3.385,3.448,3.355,9878.09,600068
213,1998-04-13,3.39,3.404,3.448,3.39,16446.56,600068
214,1998-04-14,3.416,3.32,3.416,3.315,11603.91,600068
215,1998-04-15,3.32,3.315,3.353,3.301,11092.22,600068
216,1998-04-17,3.315,3.254,3.353,3.238,6719.0,600068
217,1998-04-20,3.247,3.191,3.247,3.158,9387.02,600068
218,1998-04-21,3.212,3.238,3.238,3.203,7276.29,600068
219,1998-04-22,3.243,3.252,3.282,3.226,9025.01,600068
220,1998-04-23,3.261,3.219,3.268,3.203,10409.6,600068
221,1998-04-24,3.219,3.233,3.25,3.201,11510.27,600068
222,1998-04-27,3.233,3.226,3.233,3.203,10417.79,600068
223,1998-04-28,3.226,3.528,3.549,3.226,60714.29,600068
224,1998-04-29,3.535,3.472,3.568,3.46,34382.06,600068
225,1998-04-30,3.472,3.418,3.495,3.39,16820.99,600068
226,1998-05-04,3.432,3.411,3.472,3.39,13653.33,600068
227,1998-05-05,3.413,3.367,3.413,3.343,15059.25,600068
228,1998-05-06,3.378,3.362,3.46,3.345,9872.0,600068
229,1998-05-07,3.367,3.278,3.388,3.268,12765.52,600068
230,1998-05-08,3.278,3.367,3.39,3.268,10789.29,600068
231,1998-05-11,3.385,3.315,3.39,3.273,11113.7,600068
232,1998-05-12,3.388,3.329,3.406,3.315,5968.1,600068
233,1998-05-13,3.345,3.308,3.367,3.294,10355.0,600068
234,1998-05-14,3.331,3.308,3.343,3.296,11707.13,600068
235,1998-05-15,3.32,3.364,3.402,3.315,17208.35,600068
236,1998-05-18,3.442,3.359,3.442,3.352,11312.98,600068
237,1998-05-19,3.377,3.336,3.377,3.331,8811.75,600068
238,1998-05-20,3.336,3.28,3.344,3.241,9848.28,600068
239,1998-05-21,3.292,3.269,3.316,3.241,7740.09,600068
240,1998-05-22,3.269,3.303,3.362,3.269,10056.37,600068
241,1998-05-25,3.303,3.267,3.305,3.241,12195.09,600068
242,1998-05-26,3.267,3.254,3.267,3.241,11117.72,600068
243,1998-05-27,3.269,3.241,3.28,3.218,11991.41,600068
244,1998-05-28,3.254,3.274,3.336,3.215,14355.96,600068
245,1998-05-29,3.28,3.274,3.313,3.238,14531.16,600068
246,1998-06-01,3.292,3.262,3.305,3.244,12485.5,600068
247,1998-06-02,3.267,3.262,3.292,3.254,9403.82,600068
248,1998-06-03,3.267,3.29,3.336,3.267,9885.56,600068
249,1998-06-04,3.316,3.264,3.328,3.254,8980.75,600068
250,1998-06-05,3.292,3.256,3.305,3.241,6646.6,600068
251,1998-06-08,3.267,3.228,3.282,3.215,9852.81,600068
252,1998-06-09,3.228,3.136,3.241,3.112,11213.18,600068
253,1998-06-10,3.133,3.146,3.164,3.081,10145.26,600068
254,1998-06-11,3.138,3.087,3.159,3.087,6102.22,600068
255,1998-06-12,3.136,3.123,3.174,3.102,8251.23,600068
256,1998-06-15,3.123,3.035,3.125,3.03,11809.95,600068
257,1998-06-16,3.03,2.943,3.03,2.886,10688.59,600068
258,1998-06-17,2.943,2.878,2.958,2.863,12056.79,600068
259,1998-06-18,2.886,2.919,2.971,2.886,11603.17,600068
260,1998-06-19,2.935,2.997,3.051,2.894,30219.38,600068
261,1998-06-22,3.068,3.066,3.137,3.005,15140.08,600068
262,1998-06-23,3.066,3.11,3.121,3.06,8010.07,600068
263,1998-06-24,3.115,3.253,3.264,3.102,19730.21,600068
264,1998-06-25,3.25,3.148,3.25,3.143,10653.06,600068
265,1998-06-26,3.157,3.17,3.215,3.137,10176.18,600068
266,1998-06-29,3.17,3.074,3.195,3.06,7416.4,600068
267,1998-06-30,3.085,3.027,3.11,3.008,6136.02,600068
268,1998-07-01,3.088,2.906,3.088,2.895,8646.54,600068
269,1998-07-02,2.895,2.909,2.947,2.853,9417.38,600068
270,1998-07-03,2.961,2.983,3.027,2.914,13318.95,600068
271,1998-07-06,3.033,3.088,3.193,3.027,22170.67,600068
272,1998-07-07,3.082,3.077,3.135,3.035,8345.18,600068
273,1998-07-08,3.102,3.115,3.137,3.041,7119.12,600068
274,1998-07-09,3.129,3.148,3.201,3.11,9596.88,600068
275,1998-07-10,3.162,3.126,3.17,3.115,7170.3,600068
276,1998-07-13,3.129,3.096,3.137,3.06,6146.7,600068
277,1998-07-14,3.102,2.977,3.129,2.917,11794.81,600068
278,1998-07-15,2.969,2.994,3.044,2.925,6680.12,600068
279,1998-07-16,2.988,2.991,3.027,2.958,4447.25,600068
280,1998-07-17,2.991,2.975,3.027,2.947,4422.92,600068
281,1998-07-20,2.975,2.884,3.005,2.867,6572.52,600068
282,1998-07-21,2.895,2.964,2.977,2.895,3855.93,600068
283,1998-07-22,2.977,2.909,2.977,2.903,3151.3,600068
284,1998-07-23,2.909,3.027,3.038,2.909,7959.85,600068
285,1998-07-24,3.024,3.041,3.071,3.011,7952.98,600068
286,1998-07-27,3.019,2.975,3.019,2.944,5604.9,600068
287,1998-07-28,2.975,3.002,3.03,2.944,4590.01,600068
288,1998-07-29,2.977,3.151,3.212,2.955,120929.54,600068
289,1998-07-30,3.135,3.093,3.148,3.068,34519.52,600068
290,1998-07-31,3.093,3.165,3.198,3.06,25644.98,600068
291,1998-08-03,3.173,3.19,3.278,3.17,48152.46,600068
292,1998-08-04,3.19,3.165,3.209,3.118,16505.2,600068
293,1998-08-05,3.165,3.176,3.193,3.129,10873.64,600068
294,1998-08-06,3.198,3.104,3.198,3.104,12064.49,600068
295,1998-08-07,3.082,2.972,3.104,2.964,19124.87,600068
296,1998-08-10,2.944,2.991,2.991,2.9,10751.05,600068
297,1998-08-11,2.991,2.909,3.008,2.906,6976.93,600068
298,1998-08-12,2.757,2.68,2.757,2.619,23927.32,600068
299,1998-08-13,2.674,2.647,2.68,2.531,24038.75,600068
300,1998-08-14,2.647,2.489,2.658,2.487,21247.84,600068
301,1998-08-17,2.399,2.241,2.399,2.241,18742.47,600068
302,1998-08-18,2.206,2.222,2.31,2.068,18094.85,600068
303,1998-08-19,2.305,2.324,2.338,2.233,18081.66,600068
304,1998-08-20,2.324,2.363,2.376,2.261,16870.05,600068
305,1998-08-21,2.363,2.396,2.412,2.305,20333.8,600068
306,1998-08-24,2.382,2.426,2.459,2.346,16566.3,600068
307,1998-08-25,2.399,2.354,2.421,2.335,15569.29,600068
308,1998-08-26,2.343,2.319,2.382,2.316,8585.46,600068
309,1998-08-27,2.316,2.263,2.316,2.252,7870.24,600068
310,1998-08-28,2.261,2.288,2.324,2.228,7538.76,600068
311,1998-08-31,2.261,2.343,2.343,2.186,12654.89,600068
312,1998-09-01,2.352,2.454,2.531,2.294,47788.67,600068
313,1998-09-02,2.432,2.39,2.476,2.385,11211.85,600068
314,1998-09-03,2.39,2.426,2.459,2.387,9641.3,600068
315,1998-09-04,2.454,2.437,2.476,2.421,11201.75,600068
316,1998-09-07,2.448,2.454,2.478,2.418,10036.74,600068
317,1998-09-08,2.454,2.393,2.47,2.385,10493.1,600068
318,1998-09-09,2.385,2.415,2.421,2.343,8927.71,600068
319,1998-09-10,2.415,2.467,2.478,2.399,17899.26,600068
320,1998-09-11,2.476,2.432,2.476,2.421,12854.35,600068
321,1998-09-14,2.432,2.467,2.509,2.385,19884.24,600068
322,1998-09-15,2.467,2.525,2.539,2.426,26462.87,600068
323,1998-09-16,2.553,2.603,2.669,2.542,39711.63,600068
324,1998-09-17,2.641,2.603,2.724,2.536,30804.86,600068
325,1998-09-18,2.592,2.481,2.592,2.462,17863.4,600068
326,1998-09-21,2.426,2.473,2.481,2.371,10312.34,600068
327,1998-09-22,2.459,2.448,2.467,2.44,6243.35,600068
328,1998-09-23,2.454,2.443,2.481,2.429,5334.77,600068
329,1998-09-24,2.445,2.371,2.47,2.371,7297.88,600068
330,1998-09-25,2.371,2.404,2.412,2.36,7685.09,600068
331,1998-09-28,2.404,2.443,2.503,2.374,8327.57,600068
332,1998-09-29,2.454,2.495,2.525,2.448,11413.02,600068
333,1998-09-30,2.495,2.467,2.509,2.456,4542.52,600068
334,1998-10-05,2.484,2.443,2.531,2.44,4167.67,600068
335,1998-10-06,2.448,2.387,2.492,2.385,6354.75,600068
336,1998-10-07,2.371,2.365,2.421,2.343,5904.82,600068
337,1998-10-08,2.371,2.382,2.412,2.346,8385.56,600068
338,1998-10-09,2.393,2.379,2.41,2.371,5133.82,600068
339,1998-10-12,2.379,2.36,2.379,2.335,9677.51,600068
340,1998-10-13,2.365,2.365,2.426,2.341,7523.3,600068
341,1998-10-14,2.346,2.343,2.385,2.335,6015.44,600068
342,1998-10-15,2.343,2.346,2.357,2.335,8349.84,600068
343,1998-10-16,2.346,2.349,2.393,2.343,6474.45,600068
344,1998-10-19,2.357,2.321,2.36,2.316,7071.17,600068
345,1998-10-20,2.321,2.302,2.343,2.297,7403.63,600068
346,1998-10-21,2.31,2.241,2.316,2.233,12132.19,600068
347,1998-10-22,2.233,2.247,2.25,2.206,10077.34,600068
348,1998-10-23,2.31,2.263,2.352,2.261,5745.37,600068
349,1998-10-26,2.258,2.233,2.258,2.208,7864.65,600068
350,1998-10-27,2.219,2.233,2.283,2.211,6459.21,600068
351,1998-10-28,2.233,2.247,2.258,2.233,4308.36,600068
352,1998-10-29,2.258,2.222,2.258,2.206,7081.36,600068
353,1998-10-30,2.228,2.219,2.258,2.211,7074.0,600068
354,1998-11-02,2.211,2.219,2.222,2.206,9606.23,600068
355,1998-11-03,2.23,2.233,2.247,2.211,6521.15,600068
356,1998-11-04,2.233,2.222,2.244,2.214,5561.47,600068
357,1998-11-05,2.222,2.255,2.291,2.219,7531.45,600068
358,1998-11-06,2.258,2.28,2.299,2.255,10655.13,600068
359,1998-11-09,2.288,2.371,2.379,2.288,15399.59,600068
360,1998-11-10,2.387,2.346,2.412,2.343,10264.3,600068
361,1998-11-11,2.343,2.316,2.379,2.31,7653.51,600068
362,1998-11-12,2.316,2.291,2.327,2.28,7182.16,600068
363,1998-11-13,2.302,2.302,2.316,2.258,7042.19,600068
364,1998-11-16,2.299,2.341,2.349,2.263,10479.8,600068
365,1998-11-17,2.343,2.371,2.393,2.341,18170.31,600068
366,1998-11-18,2.374,2.335,2.387,2.327,7324.25,600068
367,1998-11-19,2.335,2.305,2.335,2.302,6565.19,600068
368,1998-11-20,2.305,2.31,2.319,2.288,4837.93,600068
369,1998-11-23,2.288,2.288,2.316,2.28,5435.31,600068
370,1998-11-24,2.316,2.297,2.324,2.291,2564.18,600068
371,1998-11-25,2.302,2.258,2.31,2.258,4626.57,600068
372,1998-11-26,2.255,2.25,2.274,2.247,4465.71,600068
373,1998-11-27,2.258,2.233,2.274,2.219,4754.49,600068
374,1998-11-30,2.233,2.225,2.236,2.206,10788.87,600068
375,1998-12-01,2.228,2.206,2.261,2.206,8697.79,600068
376,1998-12-02,2.255,2.214,2.255,2.192,5957.45,600068
377,1998-12-03,2.247,2.23,2.261,2.219,3570.6,600068
378,1998-12-04,2.233,2.214,2.241,2.206,3309.06,600068
379,1998-12-07,2.269,2.206,2.269,2.206,3907.6,600068
380,1998-12-08,2.217,2.222,2.239,2.206,5011.21,600068
381,1998-12-09,2.233,2.228,2.247,2.219,4074.24,600068
382,1998-12-10,2.228,2.206,2.239,2.206,4064.8,600068
383,1998-12-11,2.206,2.208,2.219,2.15,5137.79,600068
384,1998-12-14,2.214,2.178,2.228,2.172,4072.2,600068
385,1998-12-15,2.178,2.159,2.178,2.145,5298.98,600068
386,1998-12-16,2.178,2.167,2.192,2.164,2406.53,600068
387,1998-12-17,2.167,2.126,2.172,2.123,4098.48,600068
388,1998-12-18,2.095,2.112,2.123,2.084,3529.75,600068
389,1998-12-21,2.112,2.109,2.123,2.084,3449.12,600068
390,1998-12-22,2.109,2.167,2.178,2.106,3068.13,600068
391,1998-12-23,2.175,2.161,2.178,2.145,3453.54,600068
392,1998-12-24,2.15,2.15,2.164,2.137,1999.41,600068
393,1998-12-25,2.15,2.15,2.192,2.145,2515.84,600068
394,1998-12-28,2.153,2.139,2.178,2.137,2480.0,600068
395,1998-12-29,2.131,2.123,2.137,2.109,3256.6,600068
396,1998-12-30,2.12,2.134,2.153,2.081,4410.68,600068
397,1998-12-31,2.123,2.115,2.128,2.109,2381.65,600068
398,1999-01-04,2.112,2.07,2.117,2.07,2966.0,600068
399,1999-01-05,2.068,2.01,2.068,1.988,2634.91,600068
400,1999-01-06,2.013,2.035,2.054,1.999,3058.66,600068
401,1999-01-07,2.035,2.026,2.04,2.013,2568.17,600068
402,1999-01-08,2.026,2.081,2.095,2.026,4278.8,600068
403,1999-01-11,2.081,2.065,2.081,2.046,3466.93,600068
404,1999-01-12,2.068,2.046,2.073,2.04,3808.01,600068
405,1999-01-13,2.035,2.026,2.057,2.015,4694.05,600068
406,1999-01-14,2.026,2.087,2.093,2.013,6257.76,600068
407,1999-01-15,2.087,2.07,2.109,2.068,4127.53,600068
408,1999-01-18,2.07,2.15,2.2,2.068,7333.05,600068
409,1999-01-19,2.159,2.145,2.164,2.117,4777.55,600068
410,1999-01-20,2.145,2.115,2.178,2.109,2936.6,600068
411,1999-01-21,2.123,2.106,2.123,2.09,4611.57,600068
412,1999-01-22,2.115,2.123,2.156,2.095,4633.42,600068
413,1999-01-25,2.131,2.084,2.131,2.081,4274.37,600068
414,1999-01-26,2.084,2.048,2.084,2.046,3495.44,600068
415,1999-01-27,2.051,2.059,2.059,2.04,3964.66,600068
416,1999-01-28,2.068,2.032,2.068,2.013,3862.51,600068
417,1999-01-29,2.026,2.068,2.093,2.018,3313.5,600068
418,1999-02-01,2.065,2.026,2.068,1.999,2308.89,600068
419,1999-02-02,2.026,2.029,2.035,2.007,4453.88,600068
420,1999-02-03,2.035,2.032,2.084,2.026,2081.05,600068
421,1999-02-04,2.026,2.01,2.04,1.991,3908.98,600068
422,1999-02-05,2.013,1.902,2.013,1.9,6443.0,600068
423,1999-02-08,1.902,1.894,1.927,1.877,4707.89,600068
424,1999-02-09,1.902,1.957,1.996,1.894,4601.46,600068
425,1999-03-01,1.957,1.93,1.971,1.908,3102.55,600068
426,1999-03-02,1.93,1.93,1.957,1.919,2878.43,600068
427,1999-03-03,1.93,1.991,1.999,1.93,3822.49,600068
428,1999-03-04,1.985,2.004,2.029,1.979,4523.29,600068
429,1999-03-05,2.004,1.993,2.013,1.979,4822.72,600068
430,1999-03-08,1.988,1.985,1.999,1.957,5415.76,600068
431,1999-03-09,1.999,1.988,2.026,1.985,4420.25,600068
432,1999-03-10,1.985,1.96,1.985,1.955,3441.32,600068
433,1999-03-11,1.957,1.979,1.996,1.957,3973.98,600068
434,1999-03-12,1.979,1.985,2.004,1.957,5492.56,600068
435,1999-03-15,1.985,2.026,2.037,1.982,7604.5,600068
436,1999-03-16,2.026,2.01,2.035,1.991,3865.24,600068
437,1999-03-17,2.01,2.04,2.087,2.007,10884.73,600068
438,1999-03-18,2.035,2.018,2.057,2.013,4736.72,600068
439,1999-03-19,2.018,2.04,2.04,1.999,4481.45,600068
440,1999-03-22,2.054,2.046,2.081,2.029,7544.57,600068
441,1999-03-23,2.04,2.032,2.062,2.026,4588.55,600068
442,1999-03-24,2.013,2.024,2.046,2.013,5059.84,600068
443,1999-03-25,2.018,1.985,2.018,1.974,5415.67,600068
444,1999-03-26,1.974,1.974,1.991,1.96,3225.16,600068
445,1999-03-29,1.985,1.971,1.985,1.957,5298.96,600068
446,1999-03-30,1.971,1.974,1.999,1.966,3435.81,600068
447,1999-03-31,1.968,1.96,1.971,1.944,4574.39,600068
448,1999-04-01,1.96,1.974,2.002,1.952,4355.8,600068
449,1999-04-02,1.999,2.021,2.026,1.985,7794.13,600068
450,1999-04-05,2.024,2.073,2.09,2.021,13892.22,600068
451,1999-04-06,2.073,2.046,2.084,2.037,6751.99,600068
452,1999-04-07,2.046,2.065,2.07,2.035,6933.61,600068
453,1999-04-08,2.073,2.043,2.081,2.035,5426.41,600068
454,1999-04-09,2.043,2.029,2.068,2.013,6465.18,600068
455,1999-04-12,2.035,2.167,2.219,1.999,39674.65,600068
456,1999-04-13,2.15,2.07,2.15,2.068,14353.71,600068
457,1999-04-14,2.123,2.167,2.2,2.109,20564.94,600068
458,1999-04-15,2.172,2.148,2.233,2.131,30623.74,600068
459,1999-04-16,2.145,2.104,2.175,2.095,11924.24,600068
460,1999-04-19,2.104,2.164,2.192,2.076,12300.93,600068
461,1999-04-20,2.164,2.217,2.228,2.153,18918.23,600068
462,1999-04-21,2.228,2.137,2.239,2.128,15206.25,600068
463,1999-04-22,2.123,2.109,2.137,2.046,15788.87,600068
464,1999-04-23,2.123,2.128,2.156,2.109,9730.9,600068
465,1999-04-26,2.128,2.081,2.134,2.07,7558.88,600068
466,1999-04-27,2.084,2.021,2.095,2.013,8940.89,600068
467,1999-04-28,2.026,2.029,2.073,2.026,5347.0,600068
468,1999-04-29,2.035,2.073,2.081,2.035,4155.65,600068
469,1999-04-30,2.09,2.073,2.093,2.048,2882.6,600068
470,1999-05-04,2.081,2.054,2.087,2.048,2546.0,600068
471,1999-05-05,2.054,2.068,2.09,2.054,2557.66,600068
472,1999-05-06,2.068,2.09,2.112,2.062,4515.48,600068
473,1999-05-07,2.087,2.07,2.109,2.068,2838.88,600068
474,1999-05-10,2.013,1.957,2.043,1.93,9219.55,600068
475,1999-05-11,1.957,1.996,1.999,1.957,4277.84,600068
476,1999-05-12,1.996,1.993,2.007,1.971,2775.23,600068
477,1999-05-13,1.996,1.963,1.996,1.957,2853.27,600068
478,1999-05-14,1.957,1.933,1.96,1.924,6570.68,600068
479,1999-05-17,1.93,1.916,1.93,1.88,3506.55,600068
480,1999-05-19,1.93,1.999,2.007,1.93,3521.57,600068
481,1999-05-20,1.999,2.04,2.04,1.982,8296.76,600068
482,1999-05-21,2.051,2.081,2.123,2.037,18009.1,600068
483,1999-05-24,2.068,2.123,2.161,2.015,25476.89,600068
484,1999-05-25,2.137,2.079,2.178,2.068,26649.31,600068
485,1999-05-26,2.073,2.142,2.164,2.062,22015.21,600068
486,1999-05-27,2.167,2.357,2.357,2.164,61973.68,600068
487,1999-05-28,2.484,2.437,2.564,2.41,164351.13,600068
488,1999-05-31,2.481,2.33,2.495,2.305,50968.72,600068
489,1999-06-01,2.316,2.371,2.423,2.291,38341.82,600068
490,1999-06-02,2.371,2.28,2.396,2.274,34150.66,600068
491,1999-06-03,2.261,2.206,2.263,2.183,27490.49,600068
492,1999-06-04,2.206,2.206,2.247,2.2,15488.87,600068
493,1999-06-07,2.211,2.316,2.343,2.211,29061.13,600068
494,1999-06-08,2.33,2.266,2.357,2.206,30450.19,600068
495,1999-06-09,2.255,2.299,2.316,2.252,25608.21,600068
496,1999-06-10,2.412,2.382,2.501,2.343,66654.32,600068
497,1999-06-11,2.382,2.354,2.412,2.343,28221.62,600068
498,1999-06-14,2.382,2.589,2.589,2.374,89085.78,600068
499,1999-06-15,2.633,2.506,2.826,2.454,146753.68,600068
500,1999-06-16,2.536,2.652,2.669,2.525,66886.49,600068
501,1999-06-17,2.702,2.677,2.746,2.564,67979.2,600068
502,1999-06-18,2.674,2.66,2.702,2.614,72158.68,600068
503,1999-06-21,2.724,2.928,2.928,2.724,155754.08,600068
504,1999-06-22,2.977,2.947,3.0,2.867,100763.66,600068
505,1999-06-23,2.95,2.977,3.06,2.922,70562.9,600068
506,1999-06-24,2.983,3.011,3.033,2.922,75981.56,600068
507,1999-06-25,3.06,2.922,3.267,2.898,80645.96,600068
508,1999-06-28,2.922,3.129,3.143,2.922,94727.32,600068
509,1999-06-29,3.17,3.148,3.22,3.06,82346.13,600068
510,1999-06-30,3.149,2.972,3.171,2.949,58484.51,600068
511,1999-07-01,2.947,2.674,2.947,2.674,59071.13,600068
512,1999-07-02,2.688,2.739,2.798,2.554,50821.6,600068
513,1999-07-05,2.761,2.834,2.966,2.759,52251.37,600068
514,1999-07-06,2.806,2.677,2.832,2.638,27786.62,600068
515,1999-07-07,2.666,2.745,2.75,2.641,18541.21,600068
516,1999-07-08,2.753,2.761,2.84,2.717,19607.54,600068
517,1999-07-09,2.75,2.862,2.913,2.688,38571.15,600068
518,1999-07-12,2.935,2.919,3.031,2.876,56898.18,600068
519,1999-07-13,2.876,2.806,2.89,2.778,26640.41,600068
520,1999-07-14,2.803,2.868,2.885,2.778,16396.83,600068
521,1999-07-15,2.876,2.795,2.888,2.784,14024.27,600068
522,1999-07-16,2.778,2.728,2.784,2.694,26958.92,600068
523,1999-07-19,2.666,2.593,2.68,2.59,18758.37,600068
524,1999-07-20,2.582,2.764,2.773,2.562,22140.31,600068
525,1999-07-21,2.792,2.764,2.806,2.711,27925.65,600068
526,1999-07-22,2.761,2.635,2.764,2.632,16631.42,600068
527,1999-07-23,2.638,2.669,2.722,2.624,12557.65,600068
528,1999-07-26,2.68,2.691,2.714,2.638,11134.26,600068
529,1999-07-27,2.694,2.632,2.719,2.624,10604.97,600068
530,1999-07-28,2.644,2.641,2.688,2.632,9507.07,600068
531,1999-07-29,2.652,2.666,2.745,2.638,11816.55,600068
532,1999-07-30,2.672,2.658,2.683,2.638,7083.54,600068
533,1999-08-02,2.66,2.697,2.733,2.658,9145.48,600068
534,1999-08-03,2.705,2.736,2.792,2.705,15484.08,600068
535,1999-08-04,2.745,2.747,2.77,2.722,11214.5,600068
536,1999-08-05,2.75,2.773,2.792,2.739,13754.69,600068
537,1999-08-06,2.787,2.89,2.905,2.778,59549.01,600068
538,1999-08-09,2.933,2.84,2.944,2.829,22096.1,600068
539,1999-08-10,2.806,2.736,2.809,2.722,17358.7,600068
540,1999-08-11,2.722,2.694,2.75,2.68,9826.4,600068
541,1999-08-12,2.694,2.666,2.722,2.652,8422.37,600068
542,1999-08-13,2.694,2.672,2.717,2.652,6594.99,600068
543,1999-08-16,2.666,2.672,2.694,2.649,6459.11,600068
544,1999-08-17,2.68,2.688,2.742,2.674,9179.62,600068
545,1999-08-18,2.68,2.599,2.688,2.568,16192.26,600068
546,1999-08-19,2.624,2.7,2.722,2.599,19013.7,600068
547,1999-08-20,2.702,2.672,2.717,2.66,13498.4,600068
548,1999-08-23,2.672,2.655,2.68,2.61,13667.58,600068
549,1999-08-24,2.666,2.658,2.672,2.627,11219.68,600068
550,1999-08-25,2.658,2.61,2.66,2.61,8821.18,600068
551,1999-08-26,2.61,2.607,2.632,2.596,10328.31,600068
552,1999-08-27,2.613,2.618,2.627,2.604,8886.71,600068
553,1999-08-30,2.618,2.582,2.618,2.568,10601.68,600068
554,1999-08-31,2.582,2.615,2.627,2.562,8147.8,600068
555,1999-09-01,2.604,2.568,2.624,2.562,7190.81,600068
556,1999-09-02,2.554,2.568,2.573,2.512,11513.74,600068
557,1999-09-03,2.568,2.512,2.582,2.498,7366.1,600068
558,1999-09-06,2.509,2.472,2.523,2.411,7177.38,600068
559,1999-09-07,2.47,2.444,2.498,2.441,5995.59,600068
560,1999-09-08,2.444,2.481,2.498,2.444,5956.28,600068
561,1999-09-09,2.52,2.652,2.66,2.52,14046.54,600068
562,1999-09-10,2.717,2.658,2.739,2.638,16246.33,600068
563,1999-09-13,2.652,2.618,2.666,2.61,8950.67,600068
564,1999-09-14,2.618,2.635,2.638,2.607,9739.2,600068
565,1999-09-15,2.632,2.604,2.652,2.596,8206.43,600068
566,1999-09-16,2.604,2.568,2.604,2.568,6371.47,600068
567,1999-09-17,2.568,2.576,2.61,2.554,5169.69,600068
568,1999-09-20,2.582,2.554,2.582,2.548,4586.7,600068
569,1999-09-21,2.554,2.548,2.554,2.526,3410.67,600068
570,1999-09-22,2.548,2.523,2.548,2.52,4877.62,600068
571,1999-09-23,2.526,2.506,2.568,2.492,4505.63,600068
572,1999-09-24,2.526,2.512,2.554,2.498,4382.59,600068
573,1999-09-27,2.512,2.498,2.548,2.486,3886.8,600068
574,1999-09-28,2.498,2.475,2.509,2.47,3626.95,600068
575,1999-09-29,2.478,2.484,2.503,2.478,3341.93,600068
576,1999-09-30,2.498,2.458,2.498,2.456,4120.06,600068
577,1999-10-08,2.458,2.391,2.47,2.38,3700.68,600068
578,1999-10-11,2.38,2.371,2.385,2.346,3045.57,600068
579,1999-10-12,2.371,2.385,2.399,2.371,2071.78,600068
580,1999-10-13,2.385,2.352,2.413,2.352,2655.15,600068
581,1999-10-14,2.343,2.357,2.413,2.329,3756.74,600068
582,1999-10-15,2.36,2.402,2.427,2.36,3239.83,600068
583,1999-10-18,2.408,2.346,2.408,2.343,2768.55,600068
584,1999-10-19,2.343,2.293,2.346,2.293,4037.0,600068
585,1999-10-20,2.296,2.307,2.335,2.287,2573.95,600068
586,1999-10-21,2.307,2.273,2.324,2.27,4450.43,600068
587,1999-10-22,2.273,2.301,2.326,2.262,6633.8,600068
588,1999-10-25,2.301,2.251,2.304,2.245,3782.6,600068
589,1999-10-26,2.256,2.268,2.282,2.251,3496.49,600068
590,1999-10-27,2.346,2.36,2.413,2.31,11430.17,600068
591,1999-10-28,2.371,2.326,2.383,2.315,4408.52,600068
592,1999-10-29,2.343,2.304,2.343,2.301,3189.23,600068
593,1999-11-01,2.31,2.284,2.31,2.279,2865.26,600068
594,1999-11-02,2.284,2.279,2.296,2.27,2101.6,600068
595,1999-11-03,2.282,2.273,2.287,2.262,3045.79,600068
596,1999-11-04,2.273,2.262,2.273,2.259,3119.43,600068
597,1999-11-05,2.329,2.262,2.329,2.259,2294.58,600068
598,1999-11-08,2.265,2.27,2.287,2.265,2434.77,600068
599,1999-11-09,2.279,2.282,2.315,2.273,2274.77,600068
600,1999-11-10,2.27,2.259,2.273,2.245,3807.16,600068
601,1999-11-11,2.259,2.256,2.29,2.251,2441.7,600068
602,1999-11-12,2.259,2.268,2.29,2.251,1725.62,600068
603,1999-11-15,2.27,2.251,2.273,2.245,2486.45,600068
604,1999-11-16,2.279,2.217,2.296,2.203,4174.25,600068
605,1999-11-17,2.217,2.251,2.256,2.203,3207.64,600068
606,1999-11-18,2.251,2.296,2.312,2.239,5876.72,600068
607,1999-11-19,2.315,2.262,2.315,2.256,2525.07,600068
608,1999-11-22,2.268,2.357,2.397,2.248,24355.19,600068
609,1999-11-23,2.352,2.329,2.36,2.315,6968.26,600068
610,1999-11-24,2.329,2.298,2.329,2.296,2532.83,600068
611,1999-11-25,2.279,2.287,2.301,2.273,1962.96,600068
612,1999-11-26,2.301,2.273,2.301,2.273,1505.73,600068
613,1999-11-29,2.273,2.262,2.296,2.262,1838.0,600068
614,1999-11-30,2.321,2.27,2.321,2.251,2978.19,600068
615,1999-12-01,2.262,2.276,2.296,2.259,2183.43,600068
616,1999-12-02,2.276,2.27,2.287,2.268,2491.77,600068
617,1999-12-03,2.259,2.265,2.273,2.245,2895.04,600068
618,1999-12-06,2.265,2.268,2.287,2.253,2636.35,600068
619,1999-12-07,2.259,2.287,2.287,2.256,2136.84,600068
620,1999-12-08,2.287,2.279,2.31,2.268,1752.85,600068
621,1999-12-09,2.273,2.248,2.273,2.245,2871.67,600068
622,1999-12-10,2.259,2.245,2.273,2.228,3250.3,600068
623,1999-12-13,2.273,2.225,2.273,2.223,2245.87,600068
624,1999-12-14,2.234,2.231,2.248,2.223,1911.56,600068
625,1999-12-15,2.239,2.27,2.296,2.231,4243.45,600068
626,1999-12-16,2.27,2.231,2.27,2.225,3017.0,600068
627,1999-12-17,2.245,2.195,2.245,2.161,4926.09,600068
628,1999-12-21,2.195,2.113,2.195,2.077,8415.7,600068
629,1999-12-22,2.105,2.113,2.133,2.102,4559.03,600068
630,1999-12-23,2.105,2.116,2.119,2.105,2643.36,600068
631,1999-12-24,2.122,2.094,2.122,2.077,3118.46,600068
632,1999-12-28,2.133,2.06,2.133,2.049,2142.6,600068
633,1999-12-29,2.06,2.077,2.105,2.054,5546.05,600068
634,1999-12-30,2.091,2.082,2.105,2.077,1955.47,600068
635,2000-01-04,2.105,2.124,2.133,2.077,3738.7,600068
636,2000-01-05,2.147,2.113,2.175,2.11,4860.1,600068
637,2000-01-06,2.119,2.189,2.2,2.091,6310.83,600068
638,2000-01-07,2.189,2.276,2.296,2.189,17702.16,600068
639,2000-01-10,2.276,2.282,2.301,2.239,18667.71,600068
640,2000-01-11,2.251,2.164,2.279,2.161,6093.52,600068
641,2000-01-12,2.147,2.113,2.175,2.11,6768.33,600068
642,2000-01-13,2.105,2.119,2.133,2.094,4036.45,600068
643,2000-01-14,2.119,2.079,2.119,2.077,4312.25,600068
644,2000-01-17,2.077,2.091,2.105,2.065,4289.51,600068
645,2000-01-18,2.096,2.105,2.158,2.096,4241.72,600068
646,2000-01-19,2.105,2.122,2.136,2.105,2955.29,600068
647,2000-01-20,2.133,2.113,2.144,2.096,4806.52,600068
648,2000-01-21,2.133,2.085,2.133,2.054,9378.31,600068
649,2000-01-24,2.085,2.057,2.085,2.032,12471.42,600068
650,2000-01-25,2.063,2.091,2.124,2.06,8397.71,600068
651,2000-01-26,2.105,2.077,2.119,2.071,6560.02,600068
652,2000-01-27,2.077,2.068,2.105,2.057,10861.21,600068
653,2000-01-28,2.077,2.11,2.11,2.043,15437.19,600068
654,2000-02-14,2.161,2.279,2.296,2.133,31189.78,600068
655,2000-02-15,2.298,2.181,2.324,2.141,37534.91,600068
656,2000-02-16,2.133,2.122,2.166,2.102,29439.91,600068
657,2000-02-17,2.122,2.214,2.279,2.122,58183.44,600068
658,2000-02-18,2.211,2.13,2.211,2.122,17098.25,600068
659,2000-02-21,2.133,2.206,2.259,2.127,33660.5,600068
660,2000-02-23,2.231,2.136,2.231,2.082,8448.33,600068
661,2000-02-24,2.158,2.155,2.175,2.133,10786.23,600068
662,2000-02-25,2.155,2.122,2.172,2.099,13231.77,600068
663,2000-02-28,2.245,2.335,2.335,2.245,46365.78,600068
664,2000-02-29,2.554,2.433,2.562,2.402,187651.77,600068
665,2000-03-01,2.441,2.388,2.461,2.343,39911.24,600068
666,2000-03-02,2.385,2.377,2.385,2.343,25448.22,600068
667,2000-03-03,2.385,2.383,2.413,2.354,30525.26,600068
668,2000-03-06,2.408,2.296,2.425,2.296,34418.2,600068
669,2000-03-07,2.273,2.352,2.357,2.259,23100.3,600068
670,2000-03-08,2.357,2.352,2.391,2.321,17426.09,600068
671,2000-03-09,2.352,2.315,2.357,2.296,21307.57,600068
672,2000-03-10,2.307,2.279,2.31,2.262,22331.32,600068
673,2000-03-13,2.268,2.282,2.318,2.245,15730.62,600068
674,2000-03-14,2.282,2.231,2.282,2.189,22365.44,600068
675,2000-03-15,2.22,2.262,2.301,2.22,12010.99,600068
676,2000-03-16,2.259,2.203,2.259,2.161,14168.41,600068
677,2000-03-17,2.189,2.22,2.231,2.175,10571.66,600068
678,2000-03-20,2.22,2.29,2.296,2.189,17174.11,600068
679,2000-03-21,2.296,2.29,2.307,2.273,12514.1,600068
680,2000-03-22,2.29,2.282,2.296,2.251,13286.49,600068
681,2000-03-23,2.282,2.315,2.315,2.253,24834.65,600068
682,2000-03-24,2.324,2.276,2.349,2.273,21858.2,600068
683,2000-03-28,2.385,2.397,2.461,2.357,43842.06,600068
684,2000-03-29,2.427,2.385,2.439,2.346,27604.05,600068
685,2000-03-30,2.385,2.385,2.399,2.349,25172.31,600068
686,2000-03-31,2.385,2.416,2.441,2.371,40024.08,600068
687,2000-04-03,2.416,2.413,2.467,2.413,25907.76,600068
688,2000-04-04,2.385,2.329,2.394,2.326,17978.72,600068
689,2000-04-05,2.326,2.329,2.346,2.307,16881.11,600068
690,2000-04-06,2.338,2.383,2.385,2.329,20924.36,600068
691,2000-04-07,2.413,2.486,2.52,2.408,80473.25,600068
692,2000-04-10,2.52,2.506,2.526,2.456,64996.66,600068
693,2000-04-11,2.512,2.456,2.523,2.453,29916.41,600068
694,2000-04-12,2.456,2.425,2.467,2.399,23150.47,600068
695,2000-04-13,2.427,2.506,2.512,2.427,38726.11,600068
696,2000-04-14,2.523,2.543,2.61,2.523,78517.64,600068
697,2000-04-17,2.543,2.47,2.551,2.441,34568.13,600068
698,2000-04-18,2.45,2.492,2.512,2.43,20515.03,600068
699,2000-04-19,2.498,2.489,2.509,2.47,21931.18,600068
700,2000-04-20,2.498,2.523,2.554,2.492,33819.76,600068
701,2000-04-21,2.526,2.458,2.548,2.453,26930.09,600068
702,2000-04-24,2.464,2.526,2.543,2.464,39725.91,600068
703,2000-04-25,2.534,2.506,2.554,2.475,16916.76,600068
704,2000-04-26,2.526,2.545,2.582,2.506,38910.62,600068
705,2000-04-27,2.554,2.54,2.61,2.528,53862.67,600068
706,2000-04-28,2.54,2.545,2.568,2.512,26715.42,600068
707,2000-05-08,2.545,2.52,2.559,2.498,15096.97,600068
708,2000-05-09,2.526,2.458,2.526,2.444,17751.9,600068
709,2000-05-10,2.441,2.36,2.45,2.36,18171.72,600068
710,2000-05-11,2.357,2.324,2.385,2.324,11356.42,600068
711,2000-05-12,2.329,2.304,2.343,2.298,14194.65,600068
712,2000-05-15,2.296,2.27,2.312,2.268,10745.3,600068
713,2000-05-16,2.279,2.31,2.321,2.276,8605.19,600068
714,2000-05-17,2.315,2.298,2.329,2.287,7249.58,600068
715,2000-05-18,2.301,2.34,2.352,2.276,10434.4,600068
716,2000-05-19,2.34,2.346,2.349,2.315,11329.39,600068
717,2000-05-22,2.354,2.391,2.419,2.329,20103.69,600068
718,2000-05-23,2.394,2.422,2.427,2.383,19180.83,600068
719,2000-05-24,2.427,2.458,2.489,2.427,26950.3,600068
720,2000-05-25,2.472,2.498,2.506,2.456,29170.92,600068
721,2000-05-26,2.526,2.514,2.568,2.47,48201.64,600068
722,2000-05-29,2.523,2.526,2.548,2.498,32659.0,600068
723,2000-05-30,2.54,2.644,2.778,2.54,142644.39,600068
724,2000-05-31,2.638,2.666,2.702,2.582,64835.94,600068
725,2000-06-01,2.686,2.663,2.711,2.63,32802.96,600068
726,2000-06-02,2.683,2.728,2.795,2.683,69340.0,600068
727,2000-06-05,2.773,2.618,2.792,2.585,76009.68,600068
728,2000-06-06,2.618,2.641,2.641,2.576,36090.14,600068
729,2000-06-07,2.641,2.63,2.663,2.615,20930.54,600068
730,2000-06-08,2.63,2.596,2.638,2.582,26128.21,600068
731,2000-06-09,2.596,2.548,2.627,2.543,23909.79,600068
732,2000-06-12,2.526,2.568,2.568,2.47,18030.84,600068
733,2000-06-13,2.582,2.618,2.63,2.582,19830.83,600068
734,2000-06-14,2.66,2.655,2.719,2.632,53602.57,600068
735,2000-06-15,2.655,2.666,2.672,2.632,22177.39,600068
736,2000-06-16,2.666,2.63,2.705,2.615,28465.16,600068
737,2000-06-19,2.63,2.632,2.66,2.61,19002.71,600068
738,2000-06-20,2.632,2.604,2.66,2.59,19552.03,600068
739,2000-06-21,2.596,2.601,2.604,2.582,13935.87,600068
740,2000-06-22,2.604,2.607,2.635,2.596,11059.81,600068
741,2000-06-23,2.61,2.638,2.652,2.599,14482.33,600068
742,2000-06-26,2.652,2.677,2.717,2.644,30542.92,600068
743,2000-06-27,2.694,2.733,2.778,2.691,63090.27,600068
744,2000-06-28,2.733,2.739,2.764,2.717,33269.85,600068
745,2000-06-29,2.745,2.747,2.801,2.736,59426.52,600068
746,2000-06-30,2.745,2.694,2.747,2.669,40926.54,600068
747,2000-07-03,2.683,2.669,2.742,2.644,28056.75,600068
748,2000-07-04,2.666,2.677,2.686,2.644,15436.28,600068
749,2000-07-05,2.686,2.683,2.719,2.677,12609.58,600068
750,2000-07-06,2.68,2.669,2.68,2.644,10929.91,600068
751,2000-07-07,2.66,2.733,2.75,2.658,24978.94,600068
752,2000-07-10,2.753,2.851,2.857,2.739,87069.25,600068
753,2000-07-11,2.862,2.846,2.885,2.815,54259.11,600068
754,2000-07-12,2.851,2.876,2.913,2.848,43686.58,600068
755,2000-07-13,2.89,2.843,2.905,2.809,47146.57,600068
756,2000-07-14,2.862,2.916,2.941,2.862,73089.32,600068
757,2000-07-17,2.919,2.919,2.992,2.916,60921.34,600068
758,2000-07-18,2.919,2.888,2.933,2.865,30738.42,600068
759,2000-07-19,2.89,2.862,2.907,2.843,30830.66,600068
760,2000-07-20,2.862,2.834,2.876,2.806,27256.36,600068
761,2000-07-21,2.829,2.834,2.857,2.806,18423.74,600068
762,2000-07-24,2.834,2.89,2.896,2.82,24652.88,600068
763,2000-07-25,2.89,2.868,2.907,2.862,14117.1,600068
764,2000-07-26,2.868,2.916,2.947,2.862,27504.57,600068
765,2000-07-27,2.924,2.876,2.941,2.865,25145.23,600068
766,2000-07-28,2.876,2.848,2.89,2.829,22781.58,600068
767,2000-07-31,2.862,2.933,2.947,2.862,45058.03,600068
768,2000-08-01,2.947,2.927,2.966,2.907,24431.88,600068
769,2000-08-02,2.933,2.933,2.952,2.896,18633.22,600068
770,2000-08-03,2.933,2.916,2.947,2.907,25652.95,600068
771,2000-08-04,2.916,2.843,2.919,2.806,30733.69,600068
772,2000-08-07,2.834,2.84,2.882,2.82,23546.09,600068
773,2000-08-08,2.848,2.857,2.862,2.826,26490.47,600068
774,2000-08-09,2.862,2.933,2.941,2.834,46226.7,600068
775,2000-08-10,2.935,2.921,2.947,2.893,32803.77,600068
776,2000-08-11,2.907,2.961,3.02,2.907,80518.74,600068
777,2000-08-14,3.003,2.983,3.017,2.947,61738.64,600068
778,2000-08-15,2.983,2.924,3.0,2.916,24928.5,600068
779,2000-08-16,2.924,2.905,2.941,2.885,24426.98,600068
780,2000-08-17,2.905,2.986,3.003,2.905,38508.74,600068
781,2000-08-18,2.989,2.997,3.017,2.961,56339.24,600068
782,2000-08-21,3.031,3.137,3.143,3.031,175605.42,600068
783,2000-08-22,3.143,3.031,3.199,3.006,96380.42,600068
784,2000-08-23,3.003,3.017,3.059,2.862,96264.26,600068
785,2000-08-24,3.017,3.003,3.031,2.961,37262.13,600068
786,2000-08-25,3.008,2.992,3.017,2.961,19548.91,600068
787,2000-08-28,2.992,3.053,3.079,2.992,26181.11,600068
788,2000-08-29,3.056,3.014,3.073,3.003,18008.67,600068
789,2000-08-30,3.008,2.952,3.017,2.941,21289.3,600068
790,2000-08-31,2.919,2.848,2.933,2.848,37604.5,600068
791,2000-09-01,2.834,2.826,2.876,2.809,28000.85,600068
792,2000-09-04,2.806,2.778,2.82,2.708,25652.62,600068
793,2000-09-05,2.778,2.66,2.806,2.641,13019.73,600068
794,2000-09-06,2.638,2.545,2.644,2.543,29184.3,600068
795,2000-09-07,2.545,2.579,2.638,2.543,20488.64,600068
796,2000-09-08,2.596,2.607,2.638,2.587,12893.2,600068
797,2000-09-11,2.615,2.585,2.615,2.568,13683.84,600068
798,2000-09-12,2.585,2.641,2.652,2.585,13053.49,600068
799,2000-09-13,2.641,2.635,2.66,2.61,13583.3,600068
800,2000-09-14,2.635,2.599,2.644,2.582,16273.26,600068
801,2000-09-15,2.582,2.599,2.61,2.582,12678.12,600068
802,2000-09-18,2.599,2.615,2.658,2.599,26047.93,600068
803,2000-09-19,2.604,2.537,2.604,2.526,33941.75,600068
804,2000-09-20,2.509,2.466,2.509,2.427,18648.5,600068
805,2000-09-21,2.466,2.473,2.506,2.454,10046.99,600068
806,2000-09-22,2.466,2.463,2.485,2.454,6685.8,600068
807,2000-09-25,2.476,2.46,2.485,2.457,5818.96,600068
808,2000-09-26,2.46,2.476,2.488,2.46,4645.39,600068
809,2000-09-27,2.479,2.497,2.5,2.476,7206.78,600068
810,2000-09-28,2.5,2.46,2.509,2.454,5730.6,600068
811,2000-09-29,2.454,2.469,2.469,2.454,7376.7,600068
812,2000-10-09,2.469,2.411,2.479,2.399,11927.74,600068
813,2000-10-10,2.423,2.469,2.469,2.423,12525.37,600068
814,2000-10-11,2.469,2.485,2.506,2.469,8790.12,600068
815,2000-10-12,2.485,2.457,2.485,2.439,5574.68,600068
816,2000-10-13,2.46,2.442,2.469,2.436,6089.41,600068
817,2000-10-16,2.442,2.408,2.442,2.396,6056.0,600068
818,2000-10-17,2.414,2.423,2.43,2.408,3911.36,600068
819,2000-10-18,2.448,2.448,2.454,2.439,3327.83,600068
820,2000-10-19,2.448,2.439,2.46,2.439,3697.74,600068
821,2000-10-20,2.436,2.46,2.469,2.417,5705.98,600068
822,2000-10-23,2.457,2.5,2.515,2.454,9044.35,600068
823,2000-10-24,2.5,2.485,2.509,2.473,4833.7,600068
824,2000-10-25,2.488,2.494,2.503,2.485,6874.46,600068
825,2000-10-26,2.494,2.5,2.5,2.479,8539.18,600068
826,2000-10-27,2.509,2.549,2.558,2.509,18308.6,600068
827,2000-10-30,2.549,2.568,2.592,2.549,15811.15,600068
828,2000-10-31,2.571,2.512,2.58,2.5,9441.51,600068
829,2000-11-01,2.515,2.528,2.543,2.512,4655.7,600068
830,2000-11-02,2.528,2.549,2.574,2.528,9171.31,600068
831,2000-11-03,2.577,2.534,2.586,2.531,5361.59,600068
832,2000-11-06,2.534,2.528,2.546,2.519,6060.16,600068
833,2000-11-07,2.565,2.54,2.565,2.534,4077.62,600068
834,2000-11-08,2.54,2.558,2.562,2.531,6147.32,600068
835,2000-11-09,2.558,2.577,2.577,2.546,11228.58,600068
836,2000-11-10,2.58,2.601,2.601,2.574,18238.65,600068
837,2000-11-13,2.608,2.644,2.657,2.604,23719.6,600068
838,2000-11-14,2.608,2.666,2.666,2.608,28086.42,600068
839,2000-11-15,2.669,2.693,2.752,2.669,43870.59,600068
840,2000-11-16,2.7,2.69,2.715,2.669,19360.68,600068
841,2000-11-17,2.7,2.663,2.706,2.654,18094.84,600068
842,2000-11-20,2.663,2.715,2.724,2.654,24132.45,600068
843,2000-11-21,2.721,2.724,2.749,2.721,24503.36,600068
844,2000-11-22,2.724,2.715,2.727,2.687,12721.01,600068
845,2000-11-23,2.724,2.739,2.767,2.721,26412.89,600068
846,2000-11-24,2.739,2.626,2.755,2.611,22757.89,600068
847,2000-11-27,2.611,2.604,2.638,2.577,16190.96,600068
848,2000-11-28,2.608,2.65,2.654,2.601,11870.78,600068
849,2000-11-29,2.654,2.623,2.66,2.617,9518.8,600068
850,2000-11-30,2.62,2.62,2.638,2.598,7888.42,600068
851,2000-12-01,2.608,2.635,2.638,2.608,10866.84,600068
852,2000-12-04,2.638,2.654,2.654,2.614,13165.08,600068
853,2000-12-05,2.654,2.632,2.663,2.623,8938.79,600068
854,2000-12-06,2.629,2.571,2.632,2.562,17058.57,600068
855,2000-12-07,2.571,2.543,2.604,2.525,19396.28,600068
856,2000-12-08,2.546,2.549,2.568,2.543,11219.15,600068
857,2000-12-11,2.531,2.515,2.546,2.509,9835.72,600068
858,2000-12-12,2.522,2.537,2.546,2.515,9164.06,600068
859,2000-12-13,2.54,2.54,2.562,2.522,5621.02,600068
860,2000-12-14,2.546,2.519,2.552,2.515,7229.59,600068
861,2000-12-15,2.531,2.525,2.531,2.515,5825.19,600068
862,2000-12-18,2.525,2.485,2.531,2.479,15703.23,600068
863,2000-12-19,2.506,2.506,2.54,2.5,11383.12,600068
864,2000-12-20,2.515,2.54,2.555,2.5,14495.21,600068
865,2000-12-21,2.546,2.555,2.562,2.54,16820.32,600068
866,2000-12-22,2.562,2.528,2.571,2.515,9083.51,600068
867,2000-12-25,2.531,2.522,2.54,2.509,10397.55,600068
868,2000-12-26,2.519,2.525,2.537,2.515,10607.9,600068
869,2000-12-27,2.525,2.549,2.565,2.503,5330.52,600068
870,2000-12-28,2.549,2.577,2.583,2.546,9791.75,600068
871,2000-12-29,2.592,2.623,2.626,2.583,15429.83,600068
872,2001-01-02,2.638,2.654,2.654,2.626,15721.93,600068
873,2001-01-03,2.669,2.666,2.687,2.654,22231.58,600068
874,2001-01-04,2.663,2.635,2.663,2.632,17536.97,600068
875,2001-01-05,2.638,2.638,2.647,2.611,15985.1,600068
876,2001-01-08,2.663,2.715,2.749,2.647,50883.18,600068
877,2001-01-09,2.73,2.822,2.877,2.724,101437.36,600068
878,2001-01-10,2.822,2.844,2.847,2.792,57226.82,600068
879,2001-01-11,2.847,2.838,2.908,2.835,54468.03,600068
880,2001-01-12,2.838,2.804,2.838,2.801,27657.67,600068
881,2001-01-15,2.804,2.73,2.804,2.724,32731.98,600068
882,2001-01-16,2.703,2.807,2.822,2.678,25812.09,600068
883,2001-01-17,2.807,2.785,2.838,2.767,19466.57,600068
884,2001-01-18,2.785,2.785,2.822,2.782,17397.31,600068
885,2001-01-19,2.798,2.819,2.841,2.798,32417.42,600068
886,2001-02-05,2.831,2.785,2.85,2.779,19209.91,600068
887,2001-02-06,2.776,2.767,2.776,2.678,17910.29,600068
888,2001-02-07,2.761,2.755,2.785,2.73,10108.79,600068
889,2001-02-08,2.755,2.709,2.776,2.7,9930.69,600068
890,2001-02-12,2.761,2.792,2.804,2.727,25686.42,600068
891,2001-02-13,2.816,2.853,2.868,2.816,49599.58,600068
892,2001-02-14,2.853,2.844,2.853,2.825,16509.18,600068
893,2001-02-15,2.844,2.795,2.853,2.792,12358.55,600068
894,2001-02-16,2.776,2.801,2.81,2.749,13866.84,600068
895,2001-02-19,2.807,2.807,2.838,2.779,11461.49,600068
896,2001-02-20,2.81,2.81,2.847,2.792,12350.51,600068
897,2001-02-21,2.816,2.77,2.816,2.761,15000.49,600068
898,2001-02-22,2.761,2.761,2.792,2.736,12604.77,600068
899,2001-02-23,2.761,2.816,2.816,2.761,12974.33,600068
900,2001-02-26,2.831,2.874,2.899,2.822,37731.77,600068
901,2001-02-27,2.884,2.874,2.89,2.844,18429.35,600068
902,2001-02-28,2.877,2.859,2.881,2.831,13564.06,600068
903,2001-03-01,2.856,2.884,2.884,2.841,19205.67,600068
904,2001-03-02,2.899,2.884,2.927,2.884,39729.48,600068
905,2001-03-05,2.893,2.874,2.902,2.868,21914.5,600068
906,2001-03-06,2.874,2.902,2.908,2.868,18100.36,600068
907,2001-03-07,2.905,2.893,2.917,2.884,17691.25,600068
908,2001-03-08,2.89,2.874,2.89,2.868,15146.79,600068
909,2001-03-09,2.874,2.838,2.877,2.831,23312.85,600068
910,2001-03-12,2.838,2.828,2.844,2.81,17312.64,600068
911,2001-03-13,2.831,2.81,2.835,2.792,15688.11,600068
912,2001-03-14,2.807,2.841,2.841,2.792,11970.12,600068
913,2001-03-15,2.841,2.831,2.859,2.831,10479.63,600068
914,2001-03-16,2.831,2.813,2.835,2.801,11463.76,600068
915,2001-03-19,2.813,2.816,2.831,2.795,12376.07,600068
916,2001-03-20,2.822,2.844,2.853,2.816,12795.84,600068
917,2001-03-21,2.853,2.847,2.856,2.822,19185.04,600068
918,2001-03-22,2.853,2.877,2.899,2.853,23306.48,600068
919,2001-03-23,2.881,2.838,2.896,2.838,21552.02,600068
920,2001-03-26,2.841,2.865,2.877,2.838,15998.57,600068
921,2001-03-27,2.877,2.927,2.927,2.868,62857.54,600068
922,2001-03-28,2.945,2.957,2.991,2.945,65191.75,600068
923,2001-03-29,2.96,2.939,2.976,2.93,29097.94,600068
924,2001-03-30,2.945,2.942,2.951,2.92,17397.23,600068
925,2001-04-02,2.96,2.945,2.979,2.936,27866.97,600068
926,2001-04-03,2.951,2.917,2.96,2.902,22076.7,600068
927,2001-04-04,2.914,2.853,2.927,2.841,27333.83,600068
928,2001-04-05,2.841,2.877,2.884,2.835,15664.11,600068
929,2001-04-06,2.868,2.859,2.896,2.85,12407.88,600068
930,2001-04-09,2.859,2.893,2.899,2.847,12580.93,600068
931,2001-04-10,2.908,2.874,2.908,2.853,15027.87,600068
932,2001-04-11,2.877,2.847,2.884,2.828,31218.07,600068
933,2001-04-12,2.847,2.853,2.871,2.838,20644.92,600068
934,2001-04-13,2.853,2.853,2.862,2.844,13170.06,600068
935,2001-04-16,2.853,2.884,2.896,2.844,23763.04,600068
936,2001-04-17,2.887,2.862,2.89,2.85,17202.35,600068
937,2001-04-18,2.862,2.844,2.877,2.838,18114.23,600068
938,2001-04-19,2.841,2.81,2.844,2.792,29489.71,600068
939,2001-04-20,2.807,2.773,2.81,2.761,35316.77,600068
940,2001-04-23,2.761,2.73,2.761,2.703,28031.81,600068
941,2001-04-24,2.73,2.758,2.761,2.718,16533.24,600068
942,2001-04-25,2.761,2.724,2.761,2.724,14488.39,600068
943,2001-04-26,2.724,2.706,2.727,2.706,11856.64,600068
944,2001-04-27,2.712,2.718,2.721,2.706,10802.42,600068
945,2001-04-30,2.718,2.721,2.73,2.7,9723.8,600068
946,2001-05-08,2.724,2.746,2.746,2.715,5855.83,600068
947,2001-05-09,2.746,2.73,2.755,2.727,6217.62,600068
948,2001-05-11,2.761,2.77,2.782,2.733,6212.35,600068
949,2001-05-14,2.776,2.776,2.785,2.752,12110.5,600068
950,2001-05-15,2.776,2.773,2.792,2.767,11618.96,600068
951,2001-05-16,2.776,2.758,2.785,2.755,9761.55,600068
952,2001-05-17,2.761,2.733,2.764,2.727,11822.39,600068
953,2001-05-18,2.733,2.73,2.736,2.706,12177.79,600068
954,2001-05-21,2.73,2.727,2.736,2.709,13966.85,600068
955,2001-05-22,2.727,2.715,2.727,2.709,11489.43,600068
956,2001-05-23,2.715,2.684,2.721,2.675,18633.03,600068
957,2001-05-24,2.684,2.684,2.7,2.669,12285.53,600068
958,2001-05-25,2.684,2.675,2.7,2.669,8725.17,600068
959,2001-05-28,2.669,2.635,2.669,2.626,15300.29,600068
960,2001-05-29,2.638,2.654,2.675,2.638,7389.22,600068
961,2001-05-30,2.657,2.684,2.684,2.657,8197.93,600068
962,2001-05-31,2.7,2.69,2.718,2.681,8009.78,600068
963,2001-06-01,2.687,2.675,2.693,2.666,9684.65,600068
964,2001-06-04,2.672,2.666,2.678,2.654,12189.52,600068
965,2001-06-05,2.666,2.709,2.718,2.657,9936.96,600068
966,2001-06-06,2.709,2.693,2.715,2.687,8307.8,600068
967,2001-06-07,2.7,2.675,2.706,2.669,8890.11,600068
968,2001-06-08,2.675,2.678,2.687,2.657,9848.16,600068
969,2001-06-11,2.684,2.666,2.7,2.657,7629.3,600068
970,2001-06-12,2.666,2.696,2.7,2.66,9297.21,600068
971,2001-06-13,2.7,2.785,2.789,2.693,22772.16,600068
972,2001-06-14,2.856,2.899,3.019,2.856,310771.67,600068
973,2001-06-15,2.899,2.853,2.899,2.822,57921.64,600068
974,2001-06-18,2.853,2.789,2.853,2.761,31409.0,600068
975,2001-06-19,2.785,2.801,2.819,2.761,16027.35,600068
976,2001-06-20,2.801,2.773,2.801,2.761,11105.83,600068
977,2001-06-21,2.776,2.822,2.835,2.761,13523.6,600068
978,2001-06-22,2.822,2.838,2.853,2.801,12959.32,600068
979,2001-06-25,2.844,2.85,2.884,2.844,15699.87,600068
980,2001-06-26,2.85,2.828,2.853,2.813,16520.02,600068
981,2001-06-27,2.828,2.85,2.868,2.816,11616.26,600068
982,2001-06-28,2.85,2.819,2.853,2.816,9638.76,600068
983,2001-06-29,2.819,2.822,2.856,2.819,7175.05,600068
984,2001-07-02,2.822,2.804,2.838,2.798,6824.42,600068
985,2001-07-03,2.804,2.825,2.838,2.804,5705.04,600068
986,2001-07-04,2.832,2.813,2.835,2.81,4908.92,600068
987,2001-07-05,2.816,2.77,2.819,2.767,11092.5,600068
988,2001-07-06,2.76,2.76,2.782,2.751,7265.98,600068
989,2001-07-09,2.76,2.751,2.77,2.736,6340.17,600068
990,2001-07-10,2.751,2.767,2.773,2.751,5424.5,600068
991,2001-07-11,2.767,2.785,2.829,2.767,6262.41,600068
992,2001-07-12,2.782,2.77,2.782,2.754,4259.55,600068
993,2001-07-13,2.776,2.763,2.807,2.76,3381.42,600068
994,2001-07-16,2.785,2.732,2.791,2.729,7514.29,600068
995,2001-07-17,2.732,2.711,2.745,2.698,6874.46,600068
996,2001-07-18,2.729,2.729,2.729,2.708,4250.95,600068
997,2001-07-19,2.732,2.723,2.757,2.72,4079.48,600068
998,2001-07-20,2.729,2.791,2.81,2.726,8230.91,600068
999,2001-07-23,2.791,2.773,2.807,2.76,3927.69,600068
1000,2001-07-24,2.763,2.732,2.763,2.729,5608.27,600068
1001,2001-07-25,2.729,2.714,2.732,2.708,5378.55,600068
1002,2001-07-26,2.714,2.695,2.714,2.689,6157.11,600068
1003,2001-07-27,2.695,2.667,2.701,2.664,7624.13,600068
1004,2001-07-30,2.658,2.537,2.658,2.537,11207.95,600068
1005,2001-07-31,2.497,2.5,2.574,2.475,9084.81,600068
1006,2001-08-01,2.509,2.571,2.574,2.509,7924.16,600068
1007,2001-08-02,2.574,2.537,2.584,2.49,6159.04,600068
1008,2001-08-03,2.54,2.559,2.571,2.54,3862.99,600068
1009,2001-08-06,2.556,2.475,2.556,2.466,8081.07,600068
1010,2001-08-07,2.478,2.509,2.512,2.469,7178.99,600068
1011,2001-08-08,2.512,2.5,2.537,2.487,3662.43,600068
1012,2001-08-09,2.518,2.531,2.531,2.506,4253.72,600068
1013,2001-08-10,2.534,2.553,2.568,2.534,4906.61,600068
1014,2001-08-13,2.528,2.522,2.54,2.478,21302.96,600068
1015,2001-08-14,2.522,2.497,2.531,2.478,7069.37,600068
1016,2001-08-15,2.49,2.509,2.509,2.484,3540.91,600068
1017,2001-08-16,2.522,2.484,2.522,2.484,3934.2,600068
1018,2001-08-17,2.478,2.497,2.506,2.472,4637.11,600068
1019,2001-08-20,2.497,2.481,2.497,2.469,3745.56,600068
1020,2001-08-21,2.481,2.484,2.512,2.481,4846.95,600068
1021,2001-08-22,2.484,2.422,2.484,2.416,9307.3,600068
1022,2001-08-23,2.413,2.432,2.435,2.391,5472.41,600068
1023,2001-08-24,2.438,2.407,2.45,2.404,3127.66,600068
1024,2001-08-27,2.404,2.311,2.404,2.311,7639.9,600068
1025,2001-08-28,2.301,2.301,2.311,2.264,6280.23,600068
1026,2001-08-29,2.304,2.314,2.335,2.295,3929.14,600068
1027,2001-08-30,2.311,2.295,2.311,2.289,3132.8,600068
1028,2001-08-31,2.292,2.295,2.326,2.289,2895.9,600068
1029,2001-09-03,2.295,2.295,2.311,2.289,2758.68,600068
1030,2001-09-04,2.301,2.351,2.357,2.301,3664.78,600068
1031,2001-09-05,2.357,2.345,2.376,2.342,3940.86,600068
1032,2001-09-06,2.351,2.332,2.357,2.332,2234.0,600068
1033,2001-09-07,2.342,2.27,2.342,2.27,4018.35,600068
1034,2001-09-10,2.258,2.292,2.311,2.218,4110.46,600068
1035,2001-09-11,2.295,2.298,2.311,2.289,3964.31,600068
1036,2001-09-12,2.267,2.252,2.267,2.112,6074.89,600068
1037,2001-09-13,2.239,2.264,2.28,2.239,2941.06,600068
1038,2001-09-14,2.258,2.224,2.267,2.218,4588.75,600068
1039,2001-09-17,2.202,2.165,2.202,2.162,7250.56,600068
1040,2001-09-18,2.159,2.174,2.221,2.156,2969.0,600068
1041,2001-09-19,2.187,2.211,2.214,2.171,2972.52,600068
1042,2001-09-20,2.214,2.218,2.249,2.214,2975.87,600068
1043,2001-09-21,2.224,2.202,2.227,2.196,1969.1,600068
1044,2001-09-24,2.196,2.19,2.202,2.18,1887.07,600068
1045,2001-09-25,2.19,2.196,2.208,2.19,2038.71,600068
1046,2001-09-26,2.196,2.174,2.202,2.165,3344.43,600068
1047,2001-09-27,2.174,2.177,2.19,2.165,3012.12,600068
1048,2001-09-28,2.202,2.236,2.267,2.202,8943.06,600068
1049,2001-10-08,2.236,2.187,2.258,2.177,3083.1,600068
1050,2001-10-09,2.171,2.208,2.218,2.171,2121.9,600068
1051,2001-10-10,2.208,2.162,2.233,2.156,4812.47,600068
1052,2001-10-11,2.143,2.128,2.183,2.115,5601.44,600068
1053,2001-10-12,2.128,2.227,2.258,2.094,10592.01,600068
1054,2001-10-15,2.239,2.255,2.264,2.196,7932.44,600068
1055,2001-10-16,2.261,2.233,2.27,2.218,3867.62,600068
1056,2001-10-17,2.227,2.28,2.289,2.205,8220.35,600068
1057,2001-10-18,2.264,2.255,2.295,2.245,7726.83,600068
1058,2001-10-19,2.249,2.224,2.264,2.174,9964.92,600068
1059,2001-10-22,2.202,2.18,2.249,2.174,6366.78,600068
1060,2001-10-23,2.326,2.397,2.397,2.273,32265.71,600068
1061,2001-10-24,2.475,2.388,2.475,2.342,35959.9,600068
1062,2001-10-25,2.376,2.311,2.376,2.304,12611.9,600068
1063,2001-10-26,2.311,2.37,2.388,2.308,13758.74,600068
1064,2001-10-29,2.37,2.441,2.444,2.37,16009.37,600068
1065,2001-10-30,2.441,2.394,2.447,2.391,6378.6,600068
1066,2001-10-31,2.382,2.404,2.413,2.351,4406.94,600068
1067,2001-11-01,2.419,2.422,2.447,2.397,9648.55,600068
1068,2001-11-02,2.413,2.382,2.413,2.373,5154.5,600068
1069,2001-11-05,2.382,2.351,2.385,2.329,3746.83,600068
1070,2001-11-06,2.357,2.342,2.366,2.342,3615.31,600068
1071,2001-11-07,2.342,2.221,2.345,2.218,9760.26,600068
1072,2001-11-08,2.18,2.239,2.249,2.174,6502.33,600068
1073,2001-11-09,2.23,2.261,2.264,2.211,4376.88,600068
1074,2001-11-13,2.233,2.236,2.264,2.199,4099.42,600068
1075,2001-11-14,2.236,2.233,2.27,2.221,2793.5,600068
1076,2001-11-15,2.249,2.236,2.249,2.221,1917.55,600068
1077,2001-11-16,2.385,2.267,2.413,2.261,11810.22,600068
1078,2001-11-19,2.267,2.28,2.28,2.245,4848.9,600068
1079,2001-11-20,2.286,2.335,2.339,2.286,9312.46,600068
1080,2001-11-21,2.335,2.329,2.351,2.301,5306.66,600068
1081,2001-11-22,2.326,2.345,2.345,2.311,7443.07,600068
1082,2001-11-23,2.357,2.329,2.357,2.323,5951.16,600068
1083,2001-11-26,2.314,2.311,2.323,2.301,3184.48,600068
1084,2001-11-27,2.329,2.366,2.382,2.311,3959.84,600068
1085,2001-11-28,2.373,2.388,2.404,2.351,15751.34,600068
1086,2001-11-29,2.385,2.36,2.401,2.357,6201.49,600068
1087,2001-11-30,2.357,2.391,2.394,2.335,9389.63,600068
1088,2001-12-03,2.388,2.401,2.407,2.37,12456.23,600068
1089,2001-12-04,2.428,2.428,2.432,2.385,14350.66,600068
1090,2001-12-05,2.435,2.376,2.441,2.373,32037.66,600068
1091,2001-12-06,2.366,2.379,2.391,2.345,7023.64,600068
1092,2001-12-07,2.382,2.357,2.388,2.351,5278.17,600068
1093,2001-12-10,2.357,2.37,2.382,2.311,5707.38,600068
1094,2001-12-11,2.36,2.326,2.36,2.323,3831.68,600068
1095,2001-12-12,2.326,2.314,2.339,2.311,4591.62,600068
1096,2001-12-13,2.304,2.258,2.326,2.258,6591.77,600068
1097,2001-12-14,2.258,2.249,2.276,2.245,5728.88,600068
1098,2001-12-17,2.245,2.249,2.258,2.239,3591.01,600068
1099,2001-12-18,2.258,2.286,2.286,2.255,2865.59,600068
1100,2001-12-19,2.289,2.252,2.289,2.252,2978.46,600068
1101,2001-12-20,2.249,2.211,2.258,2.196,7730.97,600068
1102,2001-12-21,2.202,2.221,2.239,2.199,2749.98,600068
1103,2001-12-24,2.205,2.19,2.224,2.19,3386.39,600068
1104,2001-12-25,2.187,2.19,2.202,2.174,3601.61,600068
1105,2001-12-26,2.19,2.218,2.218,2.19,2301.67,600068
1106,2001-12-27,2.224,2.208,2.233,2.205,2201.12,600068
1107,2001-12-28,2.208,2.214,2.233,2.202,2842.77,600068
1108,2002-01-04,2.245,2.214,2.252,2.211,3273.7,600068
1109,2002-01-07,2.211,2.196,2.214,2.183,3033.49,600068
1110,2002-01-08,2.196,2.168,2.205,2.165,3480.56,600068
1111,2002-01-09,2.171,2.109,2.171,2.103,7569.58,600068
1112,2002-01-10,2.109,2.125,2.134,2.044,11004.5,600068
1113,2002-01-11,2.125,2.075,2.125,2.069,4315.66,600068
1114,2002-01-14,2.062,1.976,2.062,1.976,9830.5,600068
1115,2002-01-15,1.954,1.957,1.988,1.948,5175.92,600068
1116,2002-01-16,1.963,1.979,2.0,1.948,5018.27,600068
1117,2002-01-17,1.979,1.839,1.979,1.817,8122.97,600068
1118,2002-01-18,1.83,1.824,1.873,1.768,9226.95,600068
1119,2002-01-21,1.83,1.737,1.83,1.731,7680.52,600068
1120,2002-01-22,1.737,1.731,1.774,1.715,5995.63,600068
1121,2002-01-23,1.731,1.836,1.842,1.715,8312.44,600068
1122,2002-01-24,1.83,1.861,1.889,1.793,13712.59,600068
1123,2002-01-25,1.855,1.861,1.88,1.833,6792.78,600068
1124,2002-01-28,1.858,1.74,1.861,1.731,9663.18,600068
1125,2002-01-29,1.737,1.783,1.799,1.721,5822.38,600068
1126,2002-01-30,1.783,1.799,1.817,1.759,4852.48,600068
1127,2002-01-31,1.799,1.938,1.979,1.799,29850.67,600068
1128,2002-02-01,1.942,1.904,1.948,1.904,11920.99,600068
1129,2002-02-04,1.904,1.945,1.951,1.886,7367.35,600068
1130,2002-02-05,1.948,1.957,1.969,1.917,9578.97,600068
1131,2002-02-06,1.969,1.911,1.973,1.911,7199.49,600068
1132,2002-02-07,1.911,1.954,1.96,1.898,7627.96,600068
1133,2002-02-08,1.96,1.938,1.969,1.935,5954.15,600068
1134,2002-02-25,1.985,1.96,2.0,1.948,9442.53,600068
1135,2002-02-26,1.96,1.954,1.963,1.923,3188.18,600068
1136,2002-02-27,1.954,1.957,1.969,1.938,5295.02,600068
1137,2002-02-28,1.951,1.948,1.973,1.945,5104.66,600068
1138,2002-03-01,1.923,1.911,1.938,1.901,5421.36,600068
1139,2002-03-04,1.904,1.929,1.929,1.892,4018.86,600068
1140,2002-03-05,1.929,1.966,1.979,1.929,10016.5,600068
1141,2002-03-06,1.973,1.988,2.031,1.963,18508.06,600068
1142,2002-03-07,1.988,2.059,2.069,1.985,18453.21,600068
1143,2002-03-08,2.072,2.137,2.14,2.047,31989.71,600068
1144,2002-03-11,2.078,2.165,2.168,2.078,24649.05,600068
1145,2002-03-12,2.165,2.103,2.165,2.097,22094.2,600068
1146,2002-03-13,2.094,2.053,2.109,2.05,13381.54,600068
1147,2002-03-14,2.05,2.137,2.14,2.047,16751.0,600068
1148,2002-03-15,2.146,2.066,2.165,2.062,13373.56,600068
1149,2002-03-18,2.078,2.084,2.137,2.062,8071.89,600068
1150,2002-03-19,2.109,2.118,2.128,2.062,9977.1,600068
1151,2002-03-20,2.131,2.128,2.146,2.106,11959.35,600068
1152,2002-03-21,2.134,2.159,2.171,2.134,22045.43,600068
1153,2002-03-22,2.165,2.109,2.165,2.106,11406.72,600068
1154,2002-03-25,2.109,2.131,2.14,2.109,4969.25,600068
1155,2002-03-26,2.125,2.084,2.134,2.072,6765.53,600068
1156,2002-03-27,2.084,2.078,2.084,2.047,6590.02,600068
1157,2002-03-28,2.072,2.149,2.205,2.056,25737.59,600068
1158,2002-03-29,2.137,2.084,2.162,2.066,18257.01,600068
1159,2002-04-01,2.075,2.168,2.171,2.062,13775.82,600068
1160,2002-04-02,2.159,2.131,2.165,2.112,15036.34,600068
1161,2002-04-03,2.23,2.199,2.28,2.187,80488.9,600068
1162,2002-04-04,2.171,2.221,2.23,2.134,29397.69,600068
1163,2002-04-05,2.239,2.208,2.242,2.196,19944.27,600068
1164,2002-04-08,2.202,2.177,2.208,2.159,12309.94,600068
1165,2002-04-09,2.18,2.202,2.218,2.149,12615.18,600068
1166,2002-04-10,2.202,2.218,2.221,2.187,14094.3,600068
1167,2002-04-11,2.23,2.18,2.233,2.177,12547.5,600068
1168,2002-04-12,2.18,2.199,2.245,2.171,9599.92,600068
1169,2002-04-15,2.202,2.199,2.233,2.171,8181.98,600068
1170,2002-04-16,2.202,2.156,2.208,2.14,7990.04,600068
1171,2002-04-17,2.156,2.162,2.183,2.14,5894.37,600068
1172,2002-04-18,2.162,2.109,2.171,2.103,8518.55,600068
1173,2002-04-19,2.09,2.125,2.125,2.075,10033.46,600068
1174,2002-04-22,2.094,2.097,2.125,2.084,4328.67,600068
1175,2002-04-23,2.106,2.106,2.125,2.081,2966.91,600068
1176,2002-04-24,2.106,2.078,2.106,2.078,4875.07,600068
1177,2002-04-25,2.078,2.084,2.1,2.072,3216.39,600068
1178,2002-04-26,2.094,2.128,2.131,2.084,5012.74,600068
1179,2002-04-29,2.128,2.14,2.156,2.115,6257.29,600068
1180,2002-04-30,2.149,2.14,2.156,2.109,5508.35,600068
1181,2002-05-08,2.125,2.112,2.14,2.109,3336.1,600068
1182,2002-05-09,2.094,2.106,2.121,2.084,4194.66,600068
1183,2002-05-10,2.1,2.094,2.109,2.087,3616.36,600068
1184,2002-05-13,2.094,2.078,2.094,2.072,3342.69,600068
1185,2002-05-14,2.078,2.078,2.09,2.072,3629.96,600068
1186,2002-05-16,2.047,1.951,2.047,1.945,10225.7,600068
1187,2002-05-17,1.951,1.985,2.01,1.951,6560.85,600068
1188,2002-05-20,1.985,1.938,1.985,1.92,4907.83,600068
1189,2002-05-21,2.007,2.025,2.069,1.979,7991.7,600068
1190,2002-05-22,2.016,1.997,2.041,1.985,5860.53,600068
1191,2002-05-23,2.016,2.0,2.031,1.991,4813.39,600068
1192,2002-05-24,2.0,1.954,2.007,1.942,4380.99,600068
1193,2002-05-27,1.96,2.025,2.038,1.768,9945.71,600068
1194,2002-05-28,2.0,2.01,2.031,1.979,8401.31,600068
1195,2002-05-29,1.997,1.976,1.997,1.954,4623.32,600068
1196,2002-05-30,1.976,1.966,1.985,1.942,4282.52,600068
1197,2002-05-31,1.966,1.969,1.985,1.954,4108.0,600068
1198,2002-06-03,1.966,1.901,1.966,1.889,4022.61,600068
1199,2002-06-04,1.901,1.917,1.932,1.885,7350.76,600068
1200,2002-06-05,1.917,1.885,1.917,1.882,4626.5,600068
1201,2002-06-06,1.87,1.97,1.979,1.842,8992.29,600068
1202,2002-06-07,1.963,1.973,2.007,1.935,7447.37,600068
1203,2002-06-10,1.973,1.948,1.979,1.935,2547.99,600068
1204,2002-06-11,1.948,1.991,2.013,1.948,5489.37,600068
1205,2002-06-12,1.988,1.982,1.988,1.96,3869.54,600068
1206,2002-06-13,1.979,1.948,1.991,1.948,2906.0,600068
1207,2002-06-14,1.948,1.929,1.973,1.92,4102.52,600068
1208,2002-06-17,1.923,1.92,1.929,1.907,2824.28,600068
1209,2002-06-18,1.982,1.963,1.985,1.948,3960.54,600068
1210,2002-06-19,1.979,1.938,1.979,1.932,2407.9,600068
1211,2002-06-20,1.963,1.966,1.976,1.954,3885.27,600068
1212,2002-06-21,1.966,2.035,2.041,1.966,15780.74,600068
1213,2002-06-24,2.238,2.238,2.238,2.16,82346.87,600068
1214,2002-06-25,2.269,2.303,2.446,2.222,107218.95,600068
1215,2002-06-26,2.275,2.291,2.325,2.247,33281.94,600068
1216,2002-06-27,2.3,2.331,2.353,2.287,29428.45,600068
1217,2002-06-28,2.331,2.39,2.421,2.322,74393.75,600068
1218,2002-07-01,2.415,2.353,2.462,2.34,70122.29,600068
1219,2002-07-02,2.337,2.356,2.356,2.309,26502.57,600068
1220,2002-07-03,2.356,2.35,2.384,2.331,13362.91,600068
1221,2002-07-04,2.35,2.303,2.359,2.3,16735.13,600068
1222,2002-07-05,2.297,2.309,2.322,2.284,11945.43,600068
1223,2002-07-08,2.306,2.331,2.353,2.306,10218.19,600068
1224,2002-07-09,2.334,2.325,2.34,2.309,6869.85,600068
1225,2002-07-10,2.325,2.259,2.344,2.259,17258.13,600068
1226,2002-07-11,2.256,2.266,2.281,2.244,9981.42,600068
1227,2002-07-12,2.266,2.269,2.278,2.253,6665.48,600068
1228,2002-07-15,2.266,2.231,2.266,2.231,8356.91,600068
1229,2002-07-16,2.244,2.241,2.275,2.231,6401.19,600068
1230,2002-07-17,2.244,2.266,2.269,2.234,5371.02,600068
1231,2002-07-18,2.266,2.278,2.306,2.263,8190.51,600068
1232,2002-07-19,2.278,2.278,2.294,2.256,4104.04,600068
1233,2002-07-22,2.281,2.244,2.294,2.238,7090.87,600068
1234,2002-07-23,2.238,2.238,2.263,2.231,7032.05,600068
1235,2002-07-24,2.234,2.241,2.25,2.234,3471.0,600068
1236,2002-07-25,2.244,2.216,2.253,2.213,5632.42,600068
1237,2002-07-26,2.222,2.21,2.228,2.206,4801.19,600068
1238,2002-07-29,2.21,2.213,2.213,2.178,5631.04,600068
1239,2002-07-30,2.213,2.21,2.228,2.182,4384.95,600068
1240,2002-07-31,2.213,2.197,2.231,2.188,3995.43,600068
1241,2002-08-01,2.194,2.2,2.213,2.182,4184.11,600068
1242,2002-08-02,2.2,2.203,2.21,2.185,2844.84,600068
1243,2002-08-05,2.203,2.191,2.206,2.185,3178.06,600068
1244,2002-08-06,2.182,2.228,2.244,2.182,6234.16,600068
1245,2002-08-07,2.231,2.219,2.231,2.206,1614.75,600068
1246,2002-08-08,2.213,2.203,2.238,2.2,2257.45,600068
1247,2002-08-09,2.203,2.206,2.21,2.182,4180.08,600068
1248,2002-08-12,2.185,2.182,2.203,2.182,2937.12,600068
1249,2002-08-13,2.182,2.175,2.188,2.169,3948.64,600068
1250,2002-08-14,2.175,2.194,2.197,2.172,2616.03,600068
1251,2002-08-15,2.197,2.182,2.197,2.175,1813.92,600068
1252,2002-08-16,2.182,2.194,2.206,2.172,3514.62,600068
1253,2002-08-19,2.169,2.172,2.182,2.169,2622.96,600068
1254,2002-08-20,2.182,2.216,2.228,2.169,6719.63,600068
1255,2002-08-21,2.213,2.219,2.231,2.213,4171.51,600068
1256,2002-08-22,2.225,2.228,2.241,2.216,7177.54,600068
1257,2002-08-23,2.238,2.225,2.241,2.216,4089.69,600068
1258,2002-08-26,2.216,2.194,2.219,2.194,3580.72,600068
1259,2002-08-27,2.194,2.203,2.21,2.191,2968.66,600068
1260,2002-08-28,2.21,2.194,2.21,2.191,4089.16,600068
1261,2002-08-29,2.194,2.197,2.21,2.194,2350.66,600068
1262,2002-08-30,2.188,2.188,2.197,2.182,3084.75,600068
1263,2002-09-02,2.185,2.188,2.191,2.178,2598.8,600068
1264,2002-09-03,2.188,2.197,2.21,2.188,2079.21,600068
1265,2002-09-04,2.197,2.141,2.197,2.135,8550.07,600068
1266,2002-09-05,2.144,2.125,2.16,2.119,7458.04,600068
1267,2002-09-06,2.125,2.104,2.135,2.088,7309.74,600068
1268,2002-09-09,2.104,2.082,2.104,2.076,4932.0,600068
1269,2002-09-10,2.085,2.085,2.104,2.079,2831.63,600068
1270,2002-09-11,2.088,2.094,2.1,2.072,2991.64,600068
1271,2002-09-12,2.088,2.097,2.113,2.085,1683.45,600068
1272,2002-09-13,2.094,2.107,2.116,2.091,1750.97,600068
1273,2002-09-16,2.104,2.066,2.104,2.063,3007.01,600068
1274,2002-09-17,2.069,2.063,2.097,2.057,2597.42,600068
1275,2002-09-18,2.063,2.054,2.082,2.051,2819.77,600068
1276,2002-09-19,2.044,2.097,2.104,2.041,3625.9,600068
1277,2002-09-20,2.088,2.072,2.091,2.06,1893.76,600068
1278,2002-09-23,2.069,2.063,2.069,2.051,1589.27,600068
1279,2002-09-24,2.063,2.044,2.076,2.038,3233.93,600068
1280,2002-09-25,2.051,2.051,2.057,2.035,2442.08,600068
1281,2002-09-26,2.057,2.044,2.066,2.044,2104.0,600068
1282,2002-09-27,2.044,2.026,2.054,2.01,5046.38,600068
1283,2002-10-08,1.995,1.988,2.01,1.973,5137.9,600068
1284,2002-10-09,1.998,1.963,2.004,1.957,4261.55,600068
1285,2002-10-10,1.963,1.942,1.979,1.935,3533.3,600068
1286,2002-10-11,1.957,1.963,1.991,1.942,4058.44,600068
1287,2002-10-14,1.963,1.979,1.982,1.942,1839.41,600068
1288,2002-10-15,1.963,1.945,1.966,1.935,4604.97,600068
1289,2002-10-16,1.938,1.957,1.995,1.935,4049.03,600068
1290,2002-10-17,1.957,1.92,1.957,1.92,2806.51,600068
1291,2002-10-18,1.917,1.926,1.948,1.91,3167.57,600068
1292,2002-10-21,1.929,1.957,1.957,1.92,2799.92,600068
1293,2002-10-22,1.963,1.982,1.988,1.96,3476.86,600068
1294,2002-10-23,1.982,1.988,1.988,1.963,2200.07,600068
1295,2002-10-24,1.979,1.963,1.982,1.96,1699.71,600068
1296,2002-10-25,1.976,1.96,1.979,1.948,2753.8,600068
1297,2002-10-28,1.957,1.942,1.979,1.935,3671.17,600068
1298,2002-10-29,1.932,1.954,1.957,1.926,3068.88,600068
1299,2002-10-30,1.942,1.966,1.988,1.932,1923.82,600068
1300,2002-10-31,1.973,1.988,1.998,1.963,4230.01,600068
1301,2002-11-01,1.988,2.007,2.023,1.988,12557.09,600068
1302,2002-11-04,2.01,2.029,2.048,2.01,7224.04,600068
1303,2002-11-05,2.038,2.072,2.072,2.019,12462.36,600068
1304,2002-11-06,2.076,2.041,2.085,2.032,9005.61,600068
1305,2002-11-07,2.035,2.013,2.038,2.004,9713.82,600068
1306,2002-11-08,2.019,1.966,2.038,1.963,8806.24,600068
1307,2002-11-11,1.966,1.951,1.985,1.948,4032.54,600068
1308,2002-11-12,1.948,1.914,1.966,1.901,7018.73,600068
1309,2002-11-13,1.914,1.929,1.932,1.876,6848.67,600068
1310,2002-11-14,1.929,1.889,1.935,1.885,4371.0,600068
1311,2002-11-15,1.876,1.892,1.917,1.873,4546.01,600068
1312,2002-11-18,1.892,1.895,1.926,1.885,3490.14,600068
1313,2002-11-19,1.895,1.91,1.917,1.885,2393.53,600068
1314,2002-11-20,1.904,1.864,1.904,1.861,4440.0,600068
1315,2002-11-21,1.808,1.814,1.861,1.808,5495.99,600068
1316,2002-11-22,1.817,1.832,1.857,1.808,4460.27,600068
1317,2002-11-25,1.817,1.829,1.845,1.817,2112.44,600068
1318,2002-11-26,1.832,1.798,1.848,1.792,3218.9,600068
1319,2002-11-27,1.776,1.811,1.826,1.761,4785.14,600068
1320,2002-11-28,1.808,1.851,1.854,1.78,4644.01,600068
1321,2002-11-29,1.867,1.864,1.895,1.851,9705.63,600068
1322,2002-12-02,1.87,1.82,1.876,1.817,3278.94,600068
1323,2002-12-03,1.842,1.832,1.842,1.808,3444.11,600068
1324,2002-12-04,1.832,1.839,1.87,1.823,2896.77,600068
1325,2002-12-05,1.808,1.823,1.836,1.808,2308.56,600068
1326,2002-12-06,1.823,1.826,1.832,1.808,2295.35,600068
1327,2002-12-09,1.82,1.814,1.829,1.808,1474.41,600068
1328,2002-12-10,1.811,1.792,1.817,1.789,2035.0,600068
1329,2002-12-11,1.789,1.776,1.789,1.761,3724.28,600068
1330,2002-12-12,1.78,1.78,1.792,1.773,5109.81,600068
1331,2002-12-13,1.776,1.792,1.801,1.748,3059.99,600068
1332,2002-12-16,1.801,1.798,1.804,1.792,3258.4,600068
1333,2002-12-17,1.801,1.811,1.817,1.789,3004.9,600068
1334,2002-12-18,1.811,1.804,1.826,1.798,2413.74,600068
1335,2002-12-19,1.792,1.795,1.836,1.783,2393.38,600068
1336,2002-12-20,1.795,1.82,1.829,1.792,3345.56,600068
1337,2002-12-23,1.82,1.826,1.848,1.82,5310.76,600068
1338,2002-12-24,1.82,1.82,1.832,1.795,2706.88,600068
1339,2002-12-25,1.82,1.804,1.826,1.804,2422.99,600068
1340,2002-12-26,1.808,1.742,1.808,1.739,8657.1,600068
1341,2002-12-27,1.745,1.739,1.767,1.711,5992.08,600068
1342,2002-12-30,1.739,1.717,1.739,1.711,2843.39,600068
1343,2002-12-31,1.714,1.702,1.73,1.698,3312.95,600068
1344,2003-01-02,1.683,1.674,1.705,1.667,3684.41,600068
1345,2003-01-03,1.664,1.667,1.677,1.649,2971.16,600068
1346,2003-01-06,1.67,1.68,1.683,1.645,2796.93,600068
1347,2003-01-07,1.68,1.677,1.702,1.67,2708.22,600068
1348,2003-01-08,1.677,1.72,1.733,1.667,4306.37,600068
1349,2003-01-09,1.73,1.751,1.755,1.714,7366.22,600068
1350,2003-01-10,1.801,1.739,1.801,1.739,6980.4,600068
1351,2003-01-13,1.739,1.736,1.745,1.72,2875.04,600068
1352,2003-01-14,1.73,1.842,1.879,1.73,26692.92,600068
1353,2003-01-15,1.842,1.811,1.854,1.798,16837.34,600068
1354,2003-01-16,1.808,1.832,1.832,1.798,10500.18,600068
1355,2003-01-17,1.836,1.817,1.839,1.811,8315.18,600068
1356,2003-01-20,1.817,1.826,1.832,1.792,5923.09,600068
1357,2003-01-21,1.829,1.795,1.836,1.795,5442.5,600068
1358,2003-01-22,1.78,1.789,1.792,1.773,5933.38,600068
1359,2003-01-23,1.776,1.764,1.792,1.761,7335.3,600068
1360,2003-01-24,1.789,1.817,1.832,1.761,11764.59,600068
1361,2003-01-27,1.817,1.845,1.87,1.817,13249.56,600068
1362,2003-01-28,1.854,1.867,1.885,1.845,12693.14,600068
1363,2003-01-29,1.87,1.845,1.885,1.842,5969.96,600068
1364,2003-02-10,1.845,1.814,1.845,1.808,4054.2,600068
1365,2003-02-11,1.808,1.885,1.889,1.808,13555.31,600068
1366,2003-02-12,1.882,1.917,1.926,1.864,18653.54,600068
1367,2003-02-13,1.917,1.917,1.929,1.885,13890.95,600068
1368,2003-02-14,1.901,1.898,1.932,1.895,6675.42,600068
1369,2003-02-17,1.892,1.892,1.91,1.87,9152.58,600068
1370,2003-02-18,1.895,1.885,1.901,1.876,4390.19,600068
1371,2003-02-19,1.889,1.901,1.914,1.876,5016.51,600068
1372,2003-02-20,1.901,1.882,1.901,1.879,5571.42,600068
1373,2003-02-21,1.889,1.842,1.889,1.839,8499.19,600068
1374,2003-02-24,1.842,1.832,1.848,1.829,4679.68,600068
1375,2003-02-25,1.839,1.873,1.892,1.836,5065.8,600068
1376,2003-02-26,1.873,1.867,1.882,1.857,2562.76,600068
1377,2003-02-27,1.87,1.864,1.885,1.851,2336.77,600068
1378,2003-02-28,1.864,1.854,1.87,1.839,4099.64,600068
1379,2003-03-03,1.848,1.907,1.929,1.848,13486.26,600068
1380,2003-03-04,1.907,1.898,1.917,1.892,4281.52,600068
1381,2003-03-05,1.898,1.876,1.904,1.87,3428.21,600068
1382,2003-03-06,1.87,1.876,1.904,1.857,5734.44,600068
1383,2003-03-07,1.876,1.848,1.876,1.839,5855.2,600068
1384,2003-03-10,1.851,1.804,1.854,1.804,6020.37,600068
1385,2003-03-11,1.808,1.82,1.839,1.808,3452.87,600068
1386,2003-03-12,1.82,1.823,1.826,1.808,3310.4,600068
1387,2003-03-13,1.817,1.792,1.823,1.792,3049.0,600068
1388,2003-03-14,1.795,1.801,1.808,1.783,3573.2,600068
1389,2003-03-17,1.801,1.801,1.804,1.78,2758.33,600068
1390,2003-03-18,1.801,1.832,1.854,1.795,5382.38,600068
1391,2003-03-19,1.817,1.792,1.817,1.776,9613.39,600068
1392,2003-03-20,1.792,1.742,1.804,1.72,13594.58,600068
1393,2003-03-21,1.745,1.761,1.77,1.745,8874.76,600068
1394,2003-03-24,1.77,1.745,1.78,1.73,6340.57,600068
1395,2003-03-25,1.748,1.748,1.761,1.733,3101.16,600068
1396,2003-03-26,1.751,1.745,1.758,1.736,2761.31,600068
1397,2003-03-27,1.745,1.801,1.811,1.742,7249.54,600068
1398,2003-03-28,1.811,1.789,1.817,1.776,8079.54,600068
1399,2003-03-31,1.789,1.823,1.826,1.776,7866.72,600068
1400,2003-04-01,1.823,1.832,1.832,1.801,9243.12,600068
1401,2003-04-02,1.832,1.851,1.857,1.832,9900.4,600068
1402,2003-04-03,1.851,1.836,1.861,1.829,6446.77,600068
1403,2003-04-04,1.836,1.839,1.839,1.826,5093.59,600068
1404,2003-04-07,1.839,1.808,1.839,1.804,5856.0,600068
1405,2003-04-08,1.792,1.798,1.82,1.792,6972.25,600068
1406,2003-04-09,1.798,1.867,1.885,1.78,15385.25,600068
1407,2003-04-10,1.87,1.879,1.914,1.864,25116.11,600068
1408,2003-04-11,1.885,1.923,1.932,1.879,28668.13,600068
1409,2003-04-14,1.938,1.963,1.979,1.926,42471.83,600068
1410,2003-04-15,1.973,1.948,1.979,1.926,29145.54,600068
1411,2003-04-16,1.948,1.898,1.96,1.895,27343.62,600068
1412,2003-04-17,1.898,1.907,1.917,1.882,12229.41,600068
1413,2003-04-18,1.91,1.901,1.923,1.882,12470.9,600068
1414,2003-04-21,1.898,1.854,1.898,1.845,15071.0,600068
1415,2003-04-22,1.864,1.864,1.87,1.854,5484.01,600068
1416,2003-04-23,1.864,1.814,1.87,1.814,9821.0,600068
1417,2003-04-24,1.808,1.78,1.82,1.77,13004.85,600068
1418,2003-04-25,1.776,1.761,1.804,1.748,9688.87,600068
1419,2003-04-28,1.755,1.783,1.786,1.723,11122.67,600068
1420,2003-04-29,1.786,1.751,1.789,1.745,7980.77,600068
1421,2003-04-30,1.745,1.761,1.792,1.745,8748.15,600068
1422,2003-05-12,1.761,1.745,1.776,1.733,7381.55,600068
1423,2003-05-13,1.745,1.683,1.755,1.683,15359.92,600068
1424,2003-05-14,1.683,1.851,1.851,1.677,27286.43,600068
1425,2003-05-15,1.87,1.907,1.988,1.87,101162.64,600068
1426,2003-05-16,1.907,1.901,1.923,1.864,31195.0,600068
1427,2003-05-19,1.901,1.904,1.917,1.87,18751.58,600068
1428,2003-05-20,1.889,1.861,1.904,1.857,13602.23,600068
1429,2003-05-21,1.861,1.857,1.876,1.854,8991.39,600068
1430,2003-05-22,1.857,1.864,1.879,1.836,11064.44,600068
1431,2003-05-23,1.87,2.051,2.051,1.87,134193.47,600068
1432,2003-05-26,2.091,2.113,2.144,2.063,218890.0,600068
1433,2003-05-27,2.11,2.085,2.11,2.057,72112.29,600068
1434,2003-05-28,2.082,2.057,2.116,2.051,51968.57,600068
1435,2003-05-29,2.057,2.141,2.203,2.054,103000.54,600068
1436,2003-05-30,2.144,2.132,2.16,2.113,42000.13,600068
1437,2003-06-02,2.144,2.144,2.241,2.138,77849.9,600068
1438,2003-06-03,2.135,2.088,2.138,2.082,36925.06,600068
1439,2003-06-04,2.088,2.085,2.088,2.029,35920.75,600068
1440,2003-06-05,2.088,2.032,2.091,2.026,27721.58,600068
1441,2003-06-06,2.029,1.985,2.032,1.982,25329.07,600068
1442,2003-06-09,1.979,1.998,2.038,1.97,22477.21,600068
1443,2003-06-11,2.026,2.054,2.057,2.01,17189.96,600068
1444,2003-06-12,2.057,2.069,2.113,2.032,27742.84,600068
1445,2003-06-13,2.085,2.085,2.1,2.063,18542.09,600068
1446,2003-06-16,2.088,2.066,2.113,2.051,15819.39,600068
1447,2003-06-17,2.057,2.013,2.057,2.007,16647.87,600068
1448,2003-06-18,2.007,1.995,2.038,1.991,14807.28,600068
1449,2003-06-19,2.019,2.026,2.051,2.001,17672.23,600068
1450,2003-06-20,2.032,2.004,2.054,2.001,11590.65,600068
1451,2003-06-23,2.004,1.979,2.01,1.976,9941.31,600068
1452,2003-06-24,1.976,1.979,1.995,1.963,8150.44,600068
1453,2003-06-25,1.985,1.942,1.998,1.935,8632.49,600068
1454,2003-06-26,1.942,1.957,1.96,1.904,13463.81,600068
1455,2003-06-27,1.957,1.907,1.957,1.904,8030.54,600068
1456,2003-06-30,1.901,1.895,1.917,1.889,6437.28,600068
1457,2003-07-01,1.895,1.879,1.923,1.876,10685.08,600068
1458,2003-07-02,1.917,1.917,1.932,1.885,8118.79,600068
1459,2003-07-03,1.92,1.926,1.938,1.917,6797.99,600068
1460,2003-07-04,1.926,1.91,1.929,1.904,5126.21,600068
1461,2003-07-07,1.889,1.898,1.91,1.885,4660.96,600068
1462,2003-07-08,1.898,1.923,1.926,1.892,5673.88,600068
1463,2003-07-09,1.932,1.904,1.932,1.901,4049.29,600068
1464,2003-07-10,1.892,1.942,1.945,1.892,12218.42,600068
1465,2003-07-11,1.932,2.029,2.051,1.92,55250.91,600068
1466,2003-07-14,2.029,2.013,2.032,1.991,28202.03,600068
1467,2003-07-15,2.019,2.051,2.06,1.998,29608.82,600068
1468,2003-07-16,2.06,2.038,2.06,2.019,13154.96,600068
1469,2003-07-17,2.035,2.035,2.051,2.026,18397.98,600068
1470,2003-07-18,2.026,1.951,2.026,1.951,20497.42,600068
1471,2003-07-21,1.951,1.963,1.985,1.932,17302.3,600068
1472,2003-07-22,1.963,1.985,2.007,1.951,9183.76,600068
1473,2003-07-23,1.988,1.988,2.001,1.957,6242.82,600068
1474,2003-07-24,1.991,1.957,1.991,1.957,3992.26,600068
1475,2003-07-25,1.96,1.926,1.973,1.917,8206.53,600068
1476,2003-07-28,1.92,1.91,1.926,1.901,6133.27,600068
1477,2003-07-29,1.91,1.92,1.929,1.907,5424.59,600068
1478,2003-07-30,1.917,1.898,1.932,1.889,8173.2,600068
1479,2003-07-31,1.901,1.904,1.917,1.892,4381.54,600068
1480,2003-08-01,1.901,1.92,1.938,1.895,4571.88,600068
1481,2003-08-04,1.917,1.954,1.954,1.907,6613.74,600068
1482,2003-08-05,1.963,1.96,1.973,1.935,7541.96,600068
1483,2003-08-06,1.963,1.935,1.963,1.932,4614.23,600068
1484,2003-08-07,1.954,1.938,1.957,1.926,3448.83,600068
1485,2003-08-08,1.932,1.92,1.932,1.91,5344.76,600068
1486,2003-08-11,1.917,1.938,1.942,1.91,4193.37,600068
1487,2003-08-12,1.926,1.923,1.948,1.91,5004.47,600068
1488,2003-08-13,1.926,1.901,1.929,1.901,3505.06,600068
1489,2003-08-14,1.901,1.898,1.926,1.892,5047.04,600068
1490,2003-08-15,1.892,1.901,1.907,1.889,5859.46,600068
1491,2003-08-18,1.895,1.839,1.895,1.832,14739.43,600068
1492,2003-08-19,1.839,1.808,1.842,1.801,12305.94,600068
1493,2003-08-20,1.808,1.786,1.814,1.77,10016.7,600068
1494,2003-08-21,1.792,1.792,1.808,1.776,6119.56,600068
1495,2003-08-22,1.786,1.786,1.817,1.783,6439.9,600068
1496,2003-08-25,1.776,1.776,1.786,1.77,4815.27,600068
1497,2003-08-26,1.776,1.795,1.801,1.77,4150.39,600068
1498,2003-08-27,1.792,1.801,1.817,1.792,5668.52,600068
1499,2003-08-28,1.804,1.773,1.804,1.77,4293.42,600068
1500,2003-08-29,1.773,1.823,1.823,1.748,8914.26,600068
1501,2003-09-01,1.823,1.839,1.842,1.795,8007.1,600068
1502,2003-09-02,1.839,1.82,1.854,1.814,6925.62,600068
1503,2003-09-03,1.823,1.842,1.854,1.82,5248.73,600068
1504,2003-09-04,1.842,1.829,1.851,1.826,5418.72,600068
1505,2003-09-05,1.832,1.792,1.832,1.786,5418.41,600068
1506,2003-09-08,1.789,1.767,1.789,1.764,5093.58,600068
1507,2003-09-09,1.751,1.761,1.786,1.751,3594.48,600068
1508,2003-09-10,1.761,1.783,1.792,1.751,2643.82,600068
1509,2003-09-11,1.783,1.773,1.789,1.767,2257.88,600068
1510,2003-09-12,1.773,1.745,1.773,1.736,5115.68,600068
1511,2003-09-15,1.742,1.727,1.77,1.727,3537.81,600068
1512,2003-09-16,1.745,1.736,1.745,1.714,4056.49,600068
1513,2003-09-17,1.736,1.717,1.736,1.714,3731.41,600068
1514,2003-09-18,1.717,1.714,1.73,1.711,3596.9,600068
1515,2003-09-19,1.714,1.733,1.736,1.714,3473.32,600068
1516,2003-09-22,1.733,1.723,1.739,1.714,2318.29,600068
1517,2003-09-23,1.73,1.733,1.736,1.711,3625.37,600068
1518,2003-09-24,1.733,1.742,1.748,1.723,3553.39,600068
1519,2003-09-25,1.742,1.717,1.745,1.714,2922.6,600068
1520,2003-09-26,1.714,1.717,1.727,1.705,2487.44,600068
1521,2003-09-30,1.692,1.711,1.72,1.686,3800.78,600068
1522,2003-10-08,1.714,1.72,1.723,1.702,3139.9,600068
1523,2003-10-09,1.72,1.717,1.742,1.708,2615.52,600068
1524,2003-10-10,1.717,1.755,1.764,1.714,5838.48,600068
1525,2003-10-13,1.792,1.739,1.792,1.739,4618.4,600068
1526,2003-10-14,1.742,1.72,1.751,1.714,3793.99,600068
1527,2003-10-15,1.72,1.72,1.745,1.714,2706.07,600068
1528,2003-10-16,1.714,1.714,1.745,1.711,2972.11,600068
1529,2003-10-17,1.714,1.711,1.73,1.708,2358.15,600068
1530,2003-10-20,1.708,1.689,1.717,1.683,4881.58,600068
1531,2003-10-21,1.686,1.695,1.702,1.683,2737.33,600068
1532,2003-10-22,1.698,1.733,1.751,1.695,6318.79,600068
1533,2003-10-23,1.733,1.727,1.748,1.72,3525.7,600068
1534,2003-10-24,1.73,1.742,1.742,1.708,4685.35,600068
1535,2003-10-27,1.736,1.708,1.736,1.698,4912.23,600068
1536,2003-10-28,1.698,1.748,1.751,1.689,7175.05,600068
1537,2003-10-29,1.758,1.733,1.767,1.689,9674.69,600068
1538,2003-10-30,1.73,1.702,1.73,1.695,5566.0,600068
1539,2003-10-31,1.698,1.698,1.739,1.683,4311.61,600068
1540,2003-11-03,1.714,1.767,1.78,1.698,17383.42,600068
1541,2003-11-04,1.767,1.78,1.801,1.748,21947.88,600068
1542,2003-11-05,1.78,1.786,1.795,1.761,11076.88,600068
1543,2003-11-06,1.786,1.758,1.792,1.745,10678.76,600068
1544,2003-11-07,1.755,1.758,1.764,1.727,8377.9,600068
1545,2003-11-10,1.755,1.804,1.808,1.748,14389.87,600068
1546,2003-11-11,1.811,1.817,1.829,1.786,19065.99,600068
1547,2003-11-12,1.817,1.776,1.817,1.776,9989.79,600068
1548,2003-11-13,1.773,1.823,1.832,1.767,14866.37,600068
1549,2003-11-14,1.832,1.836,1.851,1.808,21078.31,600068
1550,2003-11-17,1.839,1.814,1.845,1.801,11752.35,600068
1551,2003-11-18,1.832,1.755,1.836,1.755,16756.87,600068
1552,2003-11-19,1.745,1.755,1.77,1.73,13402.17,600068
1553,2003-11-20,1.755,1.786,1.798,1.72,22581.87,600068
1554,2003-11-21,1.786,1.767,1.82,1.764,17795.47,600068
1555,2003-11-24,1.761,1.817,1.836,1.745,19271.6,600068
1556,2003-11-25,1.814,1.801,1.832,1.792,24769.03,600068
1557,2003-11-26,1.798,1.848,1.892,1.795,45696.9,600068
1558,2003-11-27,1.845,1.811,1.848,1.808,15039.25,600068
1559,2003-11-28,1.811,1.826,1.857,1.801,9936.9,600068
1560,2003-12-01,1.826,1.845,1.854,1.808,16552.68,600068
1561,2003-12-02,1.857,1.839,1.857,1.829,12805.53,600068
1562,2003-12-03,1.823,1.857,1.907,1.823,28721.33,600068
1563,2003-12-04,1.854,1.861,1.873,1.845,14732.45,600068
1564,2003-12-05,1.854,1.839,1.864,1.82,13895.46,600068
1565,2003-12-08,1.839,1.814,1.87,1.814,8622.8,600068
1566,2003-12-09,1.814,1.823,1.823,1.801,5221.16,600068
1567,2003-12-10,1.826,1.836,1.839,1.811,11602.7,600068
1568,2003-12-11,1.836,1.829,1.836,1.814,10604.79,600068
1569,2003-12-12,1.829,1.826,1.832,1.814,14119.96,600068
1570,2003-12-15,1.839,1.87,1.879,1.839,34461.06,600068
1571,2003-12-16,1.87,1.848,1.873,1.811,13281.57,600068
1572,2003-12-17,1.839,1.823,1.857,1.823,10316.7,600068
1573,2003-12-18,1.82,1.795,1.823,1.78,14526.94,600068
1574,2003-12-19,1.795,1.751,1.814,1.733,19281.14,600068
1575,2003-12-22,1.745,1.798,1.798,1.742,17302.51,600068
1576,2003-12-23,1.814,1.82,1.845,1.798,16469.5,600068
1577,2003-12-24,1.82,1.82,1.832,1.792,13710.63,600068
1578,2003-12-25,1.823,1.826,1.851,1.814,13707.6,600068
1579,2003-12-26,1.832,1.848,1.864,1.823,18168.66,600068
1580,2003-12-29,1.845,1.808,1.845,1.808,7971.06,600068
1581,2003-12-30,1.801,1.798,1.817,1.776,10391.21,600068
1582,2003-12-31,1.795,1.77,1.795,1.77,8393.52,600068
1583,2004-01-02,1.77,1.78,1.836,1.77,5689.54,600068
1584,2004-01-05,1.78,1.792,1.792,1.751,21655.18,600068
1585,2004-01-06,1.801,1.776,1.808,1.761,20933.57,600068
1586,2004-01-07,1.789,1.814,1.836,1.745,28632.15,600068
1587,2004-01-08,1.823,1.823,1.826,1.776,22673.32,600068
1588,2004-01-09,1.823,1.839,1.879,1.808,48715.68,600068
1589,2004-01-12,1.839,1.867,1.895,1.823,30109.73,600068
1590,2004-01-13,1.867,1.851,1.885,1.826,26114.23,600068
1591,2004-01-14,1.851,1.826,1.851,1.817,12349.99,600068
1592,2004-01-15,1.823,1.861,1.873,1.817,21800.83,600068
1593,2004-01-16,1.87,1.861,1.873,1.851,17531.46,600068
1594,2004-01-29,1.87,1.91,1.926,1.864,28588.65,600068
1595,2004-01-30,1.91,1.879,1.92,1.873,20613.65,600068
1596,2004-02-02,1.879,1.907,1.929,1.864,29621.19,600068
1597,2004-02-03,1.907,1.942,1.948,1.895,39791.53,600068
1598,2004-02-04,1.948,1.942,1.96,1.92,29817.61,600068
1599,2004-02-05,1.948,1.995,2.019,1.948,58188.38,600068
1600,2004-02-06,1.988,1.942,1.988,1.932,44763.44,600068
1601,2004-02-09,1.938,1.973,1.985,1.932,24231.84,600068
1602,2004-02-10,1.973,1.945,1.985,1.935,25392.95,600068
1603,2004-02-11,1.948,1.96,1.979,1.938,23919.51,600068
1604,2004-02-12,1.96,1.979,2.004,1.948,24499.78,600068
1605,2004-02-13,1.988,1.966,2.023,1.963,39218.65,600068
1606,2004-02-16,1.973,1.991,1.995,1.951,25091.24,600068
1607,2004-02-17,2.001,1.998,2.007,1.976,26333.61,600068
1608,2004-02-18,1.998,1.991,2.004,1.966,30053.49,600068
1609,2004-02-19,1.998,2.06,2.066,1.991,78381.1,600068
1610,2004-02-20,2.088,2.072,2.119,2.044,73867.75,600068
1611,2004-02-23,2.088,2.023,2.113,2.019,79732.95,600068
1612,2004-02-24,2.019,2.016,2.041,1.97,41049.63,600068
1613,2004-02-25,2.019,1.957,2.032,1.948,30416.14,600068
1614,2004-02-26,1.948,1.929,1.957,1.914,24848.68,600068
1615,2004-02-27,1.929,1.945,1.957,1.929,16465.1,600068
1616,2004-03-01,1.951,1.973,1.976,1.948,15181.52,600068
1617,2004-03-02,1.973,1.973,1.985,1.957,17549.08,600068
1618,2004-03-03,1.976,1.945,1.995,1.938,16427.51,600068
1619,2004-03-04,1.932,1.963,1.963,1.917,18276.83,600068
1620,2004-03-05,1.963,2.004,2.019,1.951,37838.95,600068
1621,2004-03-08,2.01,1.938,2.01,1.932,22025.99,600068
1622,2004-03-09,1.932,1.938,1.954,1.926,13862.94,600068
1623,2004-03-10,1.951,1.96,1.963,1.926,12652.5,600068
1624,2004-03-11,1.951,1.979,1.991,1.948,23272.31,600068
1625,2004-03-12,1.979,1.951,1.988,1.942,11160.25,600068
1626,2004-03-15,1.951,1.982,1.995,1.948,20666.93,600068
1627,2004-03-16,1.988,2.004,2.016,1.985,27534.73,600068
1628,2004-03-17,2.004,1.991,2.01,1.979,14638.4,600068
1629,2004-03-18,1.985,1.973,2.016,1.97,16270.0,600068
1630,2004-03-19,1.97,1.982,1.988,1.954,17114.16,600068
1631,2004-03-22,1.976,2.026,2.026,1.938,41303.92,600068
1632,2004-03-23,2.032,2.057,2.069,2.016,97448.31,600068
1633,2004-03-24,2.057,2.026,2.057,2.016,31515.14,600068
1634,2004-03-25,2.019,2.007,2.032,2.001,16311.68,600068
1635,2004-03-26,2.004,2.004,2.01,1.988,13500.01,600068
1636,2004-03-29,2.004,1.976,2.01,1.976,13176.0,600068
1637,2004-03-30,1.976,1.966,1.988,1.951,12365.59,600068
1638,2004-03-31,1.963,1.988,2.001,1.963,12072.98,600068
1639,2004-04-01,1.988,1.991,1.998,1.979,15013.6,600068
1640,2004-04-02,1.995,1.998,2.016,1.991,16427.75,600068
1641,2004-04-05,1.998,1.982,2.004,1.973,20405.38,600068
1642,2004-04-06,1.982,2.019,2.023,1.973,18516.46,600068
1643,2004-04-07,2.019,2.007,2.032,1.995,18430.79,600068
1644,2004-04-08,2.007,1.998,2.007,1.988,13427.85,600068
1645,2004-04-09,1.998,1.938,1.998,1.923,24660.86,600068
1646,2004-04-12,1.932,1.935,1.942,1.917,14655.77,600068
1647,2004-04-13,1.935,1.923,1.948,1.917,12148.49,600068
1648,2004-04-14,1.92,1.895,1.932,1.885,14691.77,600068
1649,2004-04-15,1.895,1.876,1.907,1.87,12944.39,600068
1650,2004-04-16,1.876,1.867,1.895,1.829,20281.69,600068
1651,2004-04-19,1.867,1.839,1.87,1.836,9801.54,600068
1652,2004-04-20,1.857,1.854,1.867,1.839,8363.06,600068
1653,2004-04-21,1.854,1.861,1.876,1.848,7801.08,600068
1654,2004-04-22,1.861,1.857,1.87,1.848,5899.11,600068
1655,2004-04-23,1.864,1.832,1.867,1.826,8466.2,600068
1656,2004-04-26,1.826,1.832,1.867,1.817,7385.15,600068
1657,2004-04-27,1.832,1.798,1.839,1.792,9991.29,600068
1658,2004-04-29,1.798,1.78,1.82,1.773,9756.82,600068
1659,2004-04-30,1.808,1.773,1.832,1.761,12542.54,600068
1660,2004-05-10,1.773,1.751,1.808,1.748,6655.88,600068
1661,2004-05-11,1.751,1.767,1.77,1.733,5694.91,600068
1662,2004-05-12,1.77,1.823,1.832,1.761,12805.41,600068
1663,2004-05-13,1.826,1.814,1.826,1.798,5347.14,600068
1664,2004-05-14,1.817,1.773,1.817,1.767,5345.79,600068
1665,2004-05-17,1.773,1.776,1.783,1.764,4835.55,600068
1666,2004-05-18,1.77,1.804,1.804,1.767,5029.63,600068
1667,2004-05-19,1.804,1.798,1.832,1.798,6761.52,600068
1668,2004-05-20,1.783,1.801,1.826,1.783,6220.44,600068
1669,2004-05-21,1.667,1.783,1.808,1.667,5640.59,600068
1670,2004-05-24,1.783,1.748,1.795,1.745,5762.55,600068
1671,2004-05-25,1.748,1.776,1.814,1.745,13469.73,600068
1672,2004-05-26,1.776,1.755,1.776,1.745,5402.54,600068
1673,2004-05-27,1.755,1.786,1.798,1.751,8117.66,600068
1674,2004-05-28,1.792,1.751,1.798,1.745,8223.12,600068
1675,2004-05-31,1.758,1.739,1.758,1.73,5697.91,600068
1676,2004-06-01,1.739,1.761,1.77,1.739,7587.33,600068
1677,2004-06-02,1.773,1.745,1.773,1.739,5440.02,600068
1678,2004-06-03,1.745,1.717,1.761,1.705,9220.76,600068
1679,2004-06-04,1.717,1.73,1.739,1.708,5052.21,600068
1680,2004-06-07,1.714,1.702,1.73,1.695,4117.52,600068
1681,2004-06-08,1.702,1.686,1.702,1.683,5272.5,600068
1682,2004-06-09,1.683,1.68,1.698,1.677,5996.29,600068
1683,2004-06-10,1.683,1.686,1.695,1.677,6904.08,600068
1684,2004-06-11,1.683,1.695,1.72,1.683,6223.07,600068
1685,2004-06-14,1.698,1.67,1.698,1.667,7864.0,600068
1686,2004-06-15,1.664,1.686,1.702,1.655,5394.99,600068
1687,2004-06-17,1.717,1.674,1.73,1.674,7480.06,600068
1688,2004-06-18,1.667,1.664,1.68,1.661,5621.1,600068
1689,2004-06-21,1.658,1.686,1.686,1.655,4027.36,600068
1690,2004-06-22,1.683,1.677,1.698,1.67,4041.9,600068
1691,2004-06-23,1.68,1.677,1.683,1.661,3982.26,600068
1692,2004-06-24,1.67,1.67,1.683,1.664,6621.5,600068
1693,2004-06-25,1.67,1.639,1.692,1.636,6580.0,600068
1694,2004-06-28,1.639,1.627,1.658,1.621,4690.42,600068
1695,2004-06-29,1.627,1.636,1.652,1.621,4607.54,600068
1696,2004-06-30,1.636,1.611,1.642,1.608,4134.0,600068
1697,2004-07-01,1.599,1.639,1.645,1.599,6969.39,600068
1698,2004-07-02,1.639,1.624,1.642,1.621,4268.5,600068
1699,2004-07-05,1.624,1.636,1.636,1.614,3070.93,600068
1700,2004-07-06,1.636,1.63,1.652,1.63,4562.72,600068
1701,2004-07-07,1.645,1.621,1.645,1.611,3801.93,600068
1702,2004-07-08,1.621,1.624,1.624,1.605,3767.92,600068
1703,2004-07-09,1.621,1.608,1.636,1.602,4465.73,600068
1704,2004-07-12,1.608,1.558,1.608,1.555,6965.0,600068
1705,2004-07-13,1.558,1.561,1.571,1.543,4629.87,600068
1706,2004-07-14,1.561,1.518,1.574,1.499,7586.2,600068
1707,2004-07-15,1.518,1.53,1.549,1.511,5394.13,600068
1708,2004-07-16,1.53,1.561,1.577,1.527,10235.28,600068
1709,2004-07-19,1.574,1.571,1.577,1.558,5437.03,600068
1710,2004-07-20,1.568,1.543,1.568,1.533,4775.39,600068
1711,2004-07-21,1.54,1.558,1.571,1.54,4172.16,600068
1712,2004-07-22,1.546,1.521,1.558,1.521,5118.74,600068
1713,2004-07-23,1.518,1.527,1.533,1.505,3675.38,600068
1714,2004-07-26,1.53,1.518,1.533,1.505,3164.81,600068
1715,2004-07-27,1.511,1.502,1.527,1.496,4324.01,600068
1716,2004-07-28,1.505,1.521,1.53,1.502,3140.94,600068
1717,2004-07-29,1.515,1.533,1.536,1.515,4533.71,600068
1718,2004-07-30,1.527,1.511,1.53,1.505,2857.81,600068
1719,2004-08-02,1.502,1.505,1.515,1.496,2894.39,600068
1720,2004-08-03,1.505,1.505,1.511,1.496,3631.91,600068
1721,2004-08-04,1.505,1.533,1.555,1.505,6148.87,600068
1722,2004-08-05,1.552,1.521,1.552,1.521,3506.0,600068
1723,2004-08-06,1.521,1.518,1.533,1.508,2798.26,600068
1724,2004-08-09,1.496,1.515,1.515,1.496,3023.15,600068
1725,2004-08-10,1.505,1.511,1.515,1.502,2415.75,600068
1726,2004-08-11,1.524,1.493,1.524,1.493,4145.19,600068
1727,2004-08-12,1.493,1.452,1.493,1.446,6767.86,600068
1728,2004-08-13,1.449,1.434,1.465,1.427,6117.7,600068
1729,2004-08-16,1.434,1.399,1.44,1.387,5119.5,600068
1730,2004-08-17,1.396,1.409,1.421,1.387,4859.9,600068
1731,2004-08-18,1.418,1.393,1.418,1.393,3111.9,600068
1732,2004-08-19,1.393,1.362,1.399,1.359,5178.23,600068
1733,2004-08-20,1.359,1.381,1.39,1.346,4734.53,600068
1734,2004-08-23,1.371,1.371,1.381,1.359,3358.3,600068
1735,2004-08-24,1.371,1.39,1.421,1.371,6102.93,600068
1736,2004-08-25,1.39,1.402,1.415,1.39,4724.03,600068
1737,2004-08-26,1.409,1.381,1.409,1.381,2604.12,600068
1738,2004-08-27,1.377,1.365,1.381,1.356,3089.56,600068
1739,2004-08-30,1.365,1.377,1.381,1.349,2341.18,600068
1740,2004-08-31,1.409,1.399,1.44,1.39,5455.73,600068
1741,2004-09-01,1.402,1.377,1.402,1.371,2289.23,600068
1742,2004-09-02,1.384,1.39,1.396,1.359,3316.86,600068
1743,2004-09-03,1.39,1.415,1.418,1.384,5847.34,600068
1744,2004-09-06,1.406,1.393,1.415,1.384,2325.93,600068
1745,2004-09-07,1.393,1.396,1.406,1.377,2350.28,600068
1746,2004-09-08,1.402,1.384,1.402,1.368,2507.46,600068
1747,2004-09-09,1.393,1.34,1.393,1.334,5468.92,600068
1748,2004-09-10,1.34,1.331,1.343,1.309,4116.04,600068
1749,2004-09-13,1.334,1.284,1.334,1.281,5112.05,600068
1750,2004-09-14,1.284,1.328,1.34,1.284,5908.64,600068
1751,2004-09-15,1.34,1.393,1.415,1.334,16863.88,600068
1752,2004-09-16,1.396,1.427,1.434,1.377,14156.36,600068
1753,2004-09-17,1.427,1.462,1.465,1.409,19157.27,600068
1754,2004-09-20,1.468,1.505,1.508,1.443,28006.91,600068
1755,2004-09-21,1.496,1.468,1.502,1.465,19968.25,600068
1756,2004-09-22,1.462,1.43,1.496,1.427,14874.88,600068
1757,2004-09-23,1.434,1.468,1.471,1.412,13254.89,600068
1758,2004-09-24,1.474,1.43,1.487,1.427,22597.16,600068
1759,2004-09-27,1.437,1.393,1.449,1.387,11243.45,600068
1760,2004-09-28,1.409,1.393,1.412,1.384,7029.63,600068
1761,2004-09-29,1.396,1.368,1.402,1.365,7012.22,600068
1762,2004-09-30,1.365,1.359,1.371,1.353,7001.68,600068
1763,2004-10-08,1.365,1.384,1.384,1.337,8024.74,600068
1764,2004-10-11,1.387,1.371,1.393,1.362,10859.82,600068
1765,2004-10-12,1.359,1.349,1.368,1.346,6978.22,600068
1766,2004-10-13,1.349,1.356,1.377,1.34,5418.73,600068
1767,2004-10-14,1.356,1.284,1.359,1.284,8993.45,600068
1768,2004-10-15,1.293,1.278,1.3,1.265,7543.33,600068
1769,2004-10-18,1.278,1.265,1.293,1.243,9404.02,600068
1770,2004-10-19,1.272,1.253,1.293,1.25,6422.27,600068
1771,2004-10-20,1.256,1.247,1.259,1.237,7040.53,600068
1772,2004-10-21,1.253,1.172,1.256,1.166,19830.7,600068
1773,2004-10-22,1.172,1.178,1.178,1.119,14704.21,600068
1774,2004-10-25,1.184,1.169,1.197,1.156,6922.11,600068
1775,2004-10-26,1.178,1.175,1.178,1.131,7893.14,600068
1776,2004-10-27,1.178,1.24,1.253,1.169,18391.5,600068
1777,2004-10-28,1.24,1.24,1.265,1.225,14663.49,600068
1778,2004-10-29,1.228,1.256,1.278,1.169,17757.15,600068
1779,2004-11-01,1.247,1.209,1.25,1.2,7444.91,600068
1780,2004-11-02,1.197,1.194,1.209,1.178,5113.58,600068
1781,2004-11-03,1.194,1.222,1.222,1.194,6773.08,600068
1782,2004-11-04,1.222,1.197,1.231,1.194,6361.45,600068
1783,2004-11-05,1.209,1.184,1.215,1.181,4742.03,600068
1784,2004-11-08,1.178,1.187,1.203,1.169,4131.74,600068
1785,2004-11-09,1.187,1.203,1.206,1.181,3566.91,600068
1786,2004-11-10,1.203,1.253,1.262,1.197,12760.93,600068
1787,2004-11-11,1.256,1.24,1.268,1.237,17827.12,600068
1788,2004-11-12,1.24,1.243,1.256,1.228,9156.27,600068
1789,2004-11-15,1.243,1.268,1.275,1.24,7611.79,600068
1790,2004-11-16,1.253,1.256,1.268,1.243,6884.99,600068
1791,2004-11-17,1.253,1.225,1.265,1.222,6683.78,600068
1792,2004-11-18,1.231,1.272,1.275,1.228,10060.6,600068
1793,2004-11-19,1.268,1.293,1.312,1.268,16923.15,600068
1794,2004-11-22,1.293,1.3,1.303,1.278,9744.81,600068
1795,2004-11-23,1.293,1.281,1.296,1.275,8016.56,600068
1796,2004-11-24,1.278,1.272,1.29,1.268,7320.35,600068
1797,2004-11-25,1.262,1.278,1.284,1.262,6929.47,600068
1798,2004-11-26,1.278,1.296,1.3,1.262,8824.68,600068
1799,2004-11-29,1.284,1.259,1.293,1.256,6717.55,600068
1800,2004-11-30,1.25,1.278,1.278,1.25,7518.51,600068
1801,2004-12-01,1.272,1.3,1.306,1.272,13426.35,600068
1802,2004-12-02,1.306,1.293,1.306,1.281,5844.91,600068
1803,2004-12-06,1.296,1.284,1.3,1.272,4799.88,600068
1804,2004-12-07,1.278,1.262,1.287,1.262,4599.66,600068
1805,2004-12-08,1.253,1.268,1.278,1.253,3320.24,600068
1806,2004-12-09,1.265,1.281,1.29,1.259,4057.43,600068
1807,2004-12-10,1.278,1.256,1.287,1.253,5912.53,600068
1808,2004-12-13,1.256,1.231,1.256,1.225,5435.39,600068
1809,2004-12-14,1.231,1.234,1.243,1.206,7661.68,600068
1810,2004-12-15,1.237,1.237,1.24,1.209,5447.16,600068
1811,2004-12-16,1.25,1.281,1.309,1.247,42454.5,600068
1812,2004-12-17,1.281,1.25,1.281,1.247,10564.42,600068
1813,2004-12-20,1.243,1.275,1.281,1.219,10681.95,600068
1814,2004-12-21,1.272,1.281,1.287,1.256,7634.92,600068
1815,2004-12-22,1.281,1.328,1.337,1.278,35076.25,600068
1816,2004-12-23,1.328,1.3,1.331,1.296,11548.79,600068
1817,2004-12-24,1.296,1.303,1.321,1.29,7886.34,600068
1818,2004-12-27,1.309,1.278,1.309,1.275,8459.76,600068
1819,2004-12-28,1.275,1.256,1.281,1.256,6366.8,600068
1820,2004-12-29,1.256,1.253,1.272,1.25,6049.64,600068
1821,2004-12-30,1.253,1.237,1.262,1.225,7619.73,600068
1822,2004-12-31,1.24,1.24,1.25,1.234,4108.56,600068
1823,2005-01-04,1.234,1.212,1.237,1.209,4671.15,600068
1824,2005-01-05,1.212,1.228,1.24,1.203,3422.7,600068
1825,2005-01-06,1.231,1.212,1.231,1.212,3897.01,600068
1826,2005-01-07,1.209,1.225,1.247,1.209,2799.13,600068
1827,2005-01-10,1.225,1.243,1.243,1.209,3180.98,600068
1828,2005-01-11,1.243,1.247,1.253,1.24,4068.05,600068
1829,2005-01-12,1.237,1.247,1.25,1.234,2859.33,600068
1830,2005-01-13,1.24,1.237,1.243,1.228,3590.89,600068
1831,2005-01-14,1.237,1.219,1.25,1.219,3452.77,600068
1832,2005-01-17,1.206,1.178,1.215,1.172,7882.8,600068
1833,2005-01-18,1.178,1.191,1.2,1.172,3962.97,600068
1834,2005-01-19,1.191,1.194,1.209,1.191,2293.7,600068
1835,2005-01-20,1.194,1.159,1.194,1.156,4171.0,600068
1836,2005-01-21,1.156,1.184,1.194,1.144,5644.21,600068
1837,2005-01-24,1.215,1.206,1.222,1.184,13387.69,600068
1838,2005-01-25,1.209,1.169,1.209,1.156,18026.85,600068
1839,2005-01-26,1.172,1.159,1.172,1.147,15535.31,600068
1840,2005-01-27,1.156,1.141,1.159,1.138,8573.64,600068
1841,2005-01-28,1.134,1.134,1.15,1.128,4707.51,600068
1842,2005-01-31,1.134,1.085,1.134,1.085,8333.46,600068
1843,2005-02-01,1.085,1.097,1.109,1.085,4803.86,600068
1844,2005-02-02,1.103,1.156,1.159,1.1,8486.44,600068
1845,2005-02-03,1.159,1.125,1.162,1.119,9784.62,600068
1846,2005-02-04,1.141,1.144,1.159,1.116,7455.48,600068
1847,2005-02-16,1.156,1.15,1.166,1.147,5360.99,600068
1848,2005-02-17,1.153,1.156,1.169,1.144,3809.97,600068
1849,2005-02-18,1.153,1.147,1.162,1.134,5068.4,600068
1850,2005-02-21,1.147,1.166,1.169,1.144,6756.29,600068
1851,2005-02-22,1.166,1.197,1.212,1.166,17510.56,600068
1852,2005-02-23,1.194,1.2,1.215,1.191,12327.59,600068
1853,2005-02-24,1.197,1.206,1.215,1.191,10305.2,600068
1854,2005-02-25,1.215,1.212,1.228,1.197,12972.77,600068
1855,2005-02-28,1.222,1.231,1.259,1.219,32660.19,600068
1856,2005-03-01,1.231,1.219,1.231,1.206,11058.29,600068
1857,2005-03-02,1.215,1.2,1.231,1.2,10148.0,600068
1858,2005-03-03,1.2,1.2,1.203,1.178,7141.99,600068
1859,2005-03-04,1.203,1.197,1.203,1.191,2939.5,600068
1860,2005-03-07,1.191,1.206,1.215,1.191,4204.28,600068
1861,2005-03-08,1.209,1.225,1.225,1.206,8148.47,600068
1862,2005-03-09,1.231,1.219,1.234,1.215,7520.94,600068
1863,2005-03-10,1.219,1.184,1.219,1.184,8133.75,600068
1864,2005-03-11,1.184,1.187,1.191,1.172,6954.09,600068
1865,2005-03-14,1.181,1.166,1.184,1.162,6283.72,600068
1866,2005-03-15,1.169,1.141,1.175,1.141,6841.68,600068
1867,2005-03-16,1.141,1.144,1.156,1.131,3951.61,600068
1868,2005-03-17,1.144,1.134,1.15,1.134,4317.12,600068
1869,2005-03-18,1.134,1.122,1.138,1.119,4650.65,600068
1870,2005-03-21,1.116,1.122,1.128,1.109,4104.88,600068
1871,2005-03-22,1.122,1.088,1.128,1.081,8611.99,600068
1872,2005-03-23,1.088,1.091,1.097,1.075,5693.58,600068
1873,2005-03-24,1.097,1.109,1.116,1.081,5134.04,600068
1874,2005-03-25,1.113,1.122,1.122,1.091,6194.73,600068
1875,2005-03-28,1.106,1.109,1.119,1.085,5393.84,600068
1876,2005-03-29,1.094,1.1,1.119,1.091,2562.29,600068
1877,2005-03-30,1.094,1.063,1.094,1.057,6805.94,600068
1878,2005-03-31,1.063,1.06,1.066,1.044,5256.77,600068
1879,2005-04-01,1.06,1.097,1.106,1.047,9298.2,600068
1880,2005-04-04,1.085,1.069,1.091,1.066,6555.16,600068
1881,2005-04-05,1.072,1.057,1.075,1.053,4886.01,600068
1882,2005-04-06,1.057,1.091,1.094,1.057,7939.7,600068
1883,2005-04-07,1.091,1.103,1.128,1.085,11608.44,600068
1884,2005-04-08,1.1,1.122,1.125,1.094,8414.01,600068
1885,2005-04-11,1.128,1.116,1.134,1.109,6976.47,600068
1886,2005-04-12,1.109,1.085,1.116,1.081,5487.0,600068
1887,2005-04-13,1.085,1.116,1.128,1.085,9813.15,600068
1888,2005-04-14,1.119,1.103,1.122,1.097,5540.66,600068
1889,2005-04-15,1.103,1.078,1.103,1.075,5332.23,600068
1890,2005-04-18,1.078,1.063,1.078,1.053,5952.7,600068
1891,2005-04-19,1.063,1.066,1.075,1.057,3840.88,600068
1892,2005-04-20,1.066,1.047,1.066,1.044,5280.34,600068
1893,2005-04-21,1.047,1.025,1.057,1.025,7468.46,600068
1894,2005-04-22,1.028,1.007,1.035,0.997,7382.91,600068
1895,2005-04-25,1.0,0.982,1.0,0.966,7776.01,600068
1896,2005-04-26,0.982,1.0,1.004,0.969,5452.83,600068
1897,2005-04-27,1.004,0.985,1.013,0.969,5360.7,600068
1898,2005-04-28,0.985,1.01,1.013,0.966,7852.64,600068
1899,2005-04-29,1.013,1.01,1.013,0.991,5137.58,600068
1900,2005-05-09,1.004,0.972,1.01,0.969,5882.68,600068
1901,2005-05-10,0.966,0.975,0.985,0.941,7497.12,600068
1902,2005-05-11,0.966,0.963,0.988,0.957,3641.32,600068
1903,2005-05-12,0.957,0.969,0.972,0.954,4804.25,600068
1904,2005-05-13,0.966,0.972,0.985,0.957,5193.93,600068
1905,2005-05-16,0.969,0.972,0.972,0.963,3707.7,600068
1906,2005-05-17,0.972,0.982,0.988,0.966,5270.26,600068
1907,2005-05-18,0.985,0.991,0.991,0.975,4990.7,600068
1908,2005-05-19,0.991,0.988,0.991,0.975,3272.88,600068
1909,2005-05-20,0.985,0.997,1.022,0.985,12564.7,600068
1910,2005-05-23,0.994,0.957,0.994,0.957,7539.0,600068
1911,2005-05-24,0.957,0.979,0.982,0.954,5353.2,600068
1912,2005-05-25,0.969,0.979,0.994,0.969,4663.53,600068
1913,2005-05-26,0.988,0.982,0.988,0.975,4405.34,600068
1914,2005-05-27,0.985,0.985,0.997,0.975,4627.52,600068
1915,2005-05-30,0.991,0.997,1.004,0.979,4798.07,600068
1916,2005-05-31,0.994,1.01,1.013,0.988,10426.79,600068
1917,2005-06-01,1.007,0.991,1.007,0.985,5201.85,600068
1918,2005-06-02,0.988,0.991,0.997,0.975,6407.33,600068
1919,2005-06-03,0.991,1.004,1.01,0.982,9913.33,600068
1920,2005-06-06,1.01,1.013,1.016,0.994,10082.01,600068
1921,2005-06-07,1.032,1.007,1.032,1.0,15514.24,600068
1922,2005-06-08,1.013,1.072,1.078,1.013,33699.58,600068
1923,2005-06-09,1.069,1.072,1.078,1.038,32929.52,600068
1924,2005-06-10,1.066,1.047,1.072,1.041,15124.66,600068
1925,2005-06-13,1.044,1.044,1.05,1.028,7643.27,600068
1926,2005-06-14,1.053,1.047,1.06,1.035,9481.06,600068
1927,2005-06-15,1.041,1.01,1.041,1.007,8437.8,600068
1928,2005-06-16,1.01,1.007,1.022,0.991,7837.69,600068
1929,2005-06-20,1.035,1.066,1.066,1.019,30216.03,600068
1930,2005-06-21,1.063,1.05,1.066,1.038,12056.28,600068
1931,2005-06-22,1.044,1.041,1.053,1.028,8753.37,600068
1932,2005-06-23,1.035,1.019,1.044,1.013,10616.8,600068
1933,2005-06-24,1.007,1.022,1.028,1.007,5096.79,600068
1934,2005-06-27,1.047,1.044,1.057,1.032,14158.47,600068
1935,2005-06-28,1.038,1.025,1.044,1.025,5233.0,600068
1936,2005-06-29,1.025,1.022,1.038,1.022,4129.98,600068
1937,2005-06-30,1.022,0.988,1.022,0.988,9620.0,600068
1938,2005-07-01,0.982,0.957,0.985,0.954,8328.46,600068
1939,2005-07-04,0.96,0.941,0.963,0.929,8625.58,600068
1940,2005-07-05,0.941,0.935,0.941,0.922,4587.64,600068
1941,2005-07-06,0.935,0.935,0.944,0.932,5535.95,600068
1942,2005-07-07,0.935,0.941,0.944,0.935,4374.5,600068
1943,2005-07-08,0.941,0.904,0.941,0.898,9441.38,600068
1944,2005-07-11,0.904,0.898,0.932,0.894,6773.15,600068
1945,2005-07-12,0.932,0.926,0.932,0.898,6678.42,600068
1946,2005-07-13,0.926,0.919,0.926,0.91,3084.09,600068
1947,2005-07-14,0.907,0.91,0.929,0.907,5168.4,600068
1948,2005-07-15,0.91,0.888,0.922,0.888,7096.92,600068
1949,2005-07-18,0.882,0.817,0.882,0.804,15829.98,600068
1950,2005-07-19,0.813,0.829,0.835,0.813,6120.81,600068
1951,2005-07-20,0.832,0.838,0.854,0.826,5485.08,600068
1952,2005-07-21,0.841,0.835,0.851,0.82,5662.46,600068
1953,2005-07-22,0.838,0.86,0.873,0.835,9636.76,600068
1954,2005-07-25,0.86,0.857,0.863,0.848,4532.2,600068
1955,2005-07-26,0.851,0.873,0.876,0.851,11406.53,600068
1956,2005-07-27,0.87,0.885,0.885,0.863,9510.16,600068
1957,2005-07-28,0.885,0.885,0.898,0.876,17362.47,600068
1958,2005-07-29,0.882,0.882,0.882,0.87,11390.78,600068
1959,2005-08-01,0.891,0.922,0.941,0.888,44157.8,600068
1960,2005-08-02,0.922,0.938,0.938,0.919,18130.52,600068
1961,2005-08-03,0.944,0.935,0.954,0.932,27752.62,600068
1962,2005-08-04,0.929,0.926,0.935,0.922,9466.73,600068
1963,2005-08-05,0.935,0.954,0.963,0.923,18844.67,600068
1964,2005-08-08,0.957,0.954,0.963,0.945,18286.48,600068
1965,2005-08-09,0.954,0.97,0.973,0.945,16149.88,600068
1966,2005-08-10,0.967,0.973,0.976,0.954,19067.57,600068
1967,2005-08-11,0.973,0.986,1.001,0.973,27972.3,600068
1968,2005-08-12,0.986,0.957,0.998,0.954,24564.67,600068
1969,2005-08-15,0.96,0.967,0.976,0.951,18924.88,600068
1970,2005-08-16,0.979,0.97,0.989,0.963,19602.33,600068
1971,2005-08-17,0.967,0.97,0.976,0.948,24189.06,600068
1972,2005-08-18,0.976,0.941,0.995,0.935,32106.07,600068
1973,2005-08-19,0.932,0.935,0.957,0.916,20244.81,600068
1974,2005-08-22,0.932,0.954,0.954,0.923,16350.52,600068
1975,2005-08-23,0.954,0.935,0.957,0.926,10160.54,600068
1976,2005-08-24,0.938,0.973,0.989,0.938,50523.15,600068
1977,2005-08-25,0.982,1.008,1.011,0.97,50124.82,600068
1978,2005-08-26,1.008,1.001,1.014,0.989,23975.25,600068
1979,2005-08-29,1.008,0.986,1.011,0.982,18584.6,600068
1980,2005-08-30,0.976,0.982,0.989,0.976,10593.31,600068
1981,2005-08-31,0.976,0.992,0.998,0.973,15873.81,600068
1982,2005-09-01,0.998,1.023,1.036,0.992,45340.76,600068
1983,2005-09-02,1.023,1.036,1.058,1.02,39706.54,600068
1984,2005-09-05,1.039,1.086,1.108,1.039,60589.08,600068
1985,2005-09-06,1.086,1.067,1.099,1.048,45545.95,600068
1986,2005-09-07,1.064,1.08,1.083,1.045,16304.79,600068
1987,2005-09-08,1.08,1.071,1.096,1.061,17137.29,600068
1988,2005-09-09,1.071,1.061,1.077,1.045,15527.74,600068
1989,2005-09-12,1.058,1.071,1.074,1.055,6552.97,600068
1990,2005-09-13,1.071,1.083,1.086,1.061,24342.87,600068
1991,2005-09-14,1.086,1.086,1.093,1.077,20761.03,600068
1992,2005-09-15,1.089,1.093,1.093,1.064,18529.03,600068
1993,2005-09-16,1.093,1.08,1.093,1.074,8686.48,600068
1994,2005-09-19,1.077,1.083,1.086,1.074,11371.96,600068
1995,2005-09-20,1.083,1.064,1.083,1.058,15827.05,600068
1996,2005-09-21,1.055,1.033,1.061,1.033,17061.35,600068
1997,2005-09-22,1.033,1.011,1.064,0.995,23059.06,600068
1998,2005-09-23,1.011,0.995,1.017,0.992,8563.96,600068
1999,2005-09-26,0.989,0.995,1.001,0.979,6834.07,600068
2000,2005-09-27,0.995,0.979,1.001,0.976,5541.33,600068
2001,2005-09-28,0.976,0.967,0.982,0.963,7591.11,600068
2002,2005-09-29,0.973,0.986,0.989,0.973,5292.01,600068
2003,2005-09-30,0.986,0.979,0.989,0.97,8288.45,600068
2004,2005-10-10,0.973,0.963,0.979,0.96,4995.52,600068
2005,2005-10-11,0.963,0.979,0.979,0.96,9504.43,600068
2006,2005-10-12,0.976,0.992,0.998,0.967,8878.59,600068
2007,2005-10-13,0.992,0.976,0.992,0.97,5532.18,600068
2008,2005-10-14,0.982,0.96,0.982,0.951,8166.68,600068
2009,2005-10-17,0.951,0.935,0.96,0.929,10002.96,600068
2010,2005-10-18,0.935,0.96,0.963,0.935,7342.95,600068
2011,2005-10-19,0.951,0.951,0.963,0.941,6189.7,600068
2012,2005-10-20,0.951,0.948,0.963,0.941,5397.5,600068
2013,2005-10-21,0.948,0.954,0.967,0.945,8321.38,600068
2014,2005-10-24,0.954,0.951,0.96,0.945,6827.53,600068
2015,2005-10-25,0.951,0.929,0.951,0.926,8011.39,600068
2016,2005-10-26,0.923,0.907,0.935,0.904,6547.07,600068
2017,2005-10-27,0.907,0.901,0.907,0.891,6165.14,600068
2018,2005-10-28,0.901,0.882,0.91,0.878,6042.0,600068
2019,2005-10-31,0.882,0.897,0.901,0.875,4448.59,600068
2020,2005-11-01,0.891,0.901,0.901,0.882,5146.44,600068
2021,2005-11-02,0.897,0.926,0.935,0.894,10768.56,600068
2022,2005-11-03,0.929,0.916,0.932,0.904,4903.48,600068
2023,2005-11-04,0.916,0.923,0.923,0.901,4044.41,600068
2024,2005-11-07,0.923,0.926,0.932,0.91,6455.81,600068
2025,2005-11-08,0.929,0.929,0.935,0.913,7647.49,600068
2026,2005-11-09,0.932,0.923,0.938,0.916,7558.73,600068
2027,2005-11-10,0.923,0.894,0.923,0.891,6824.37,600068
2028,2005-11-11,0.882,0.894,0.901,0.882,5182.52,600068
2029,2005-11-14,0.894,0.907,0.91,0.891,4437.82,600068
2030,2005-11-15,0.907,0.885,0.919,0.878,13036.0,600068
2031,2005-11-16,0.885,0.885,0.894,0.866,11749.45,600068
2032,2005-11-17,0.891,0.894,0.904,0.885,17982.65,600068
2033,2005-11-18,0.891,0.913,0.916,0.891,14734.7,600068
2034,2005-11-21,0.916,0.919,0.923,0.897,28589.73,600068
2035,2005-11-22,0.913,0.901,0.916,0.897,13581.0,600068
2036,2005-11-23,0.901,0.919,0.919,0.901,8227.2,600068
2037,2005-11-24,0.919,0.945,0.945,0.904,34410.29,600068
2038,2005-11-25,0.945,0.935,0.951,0.932,26750.65,600068
2039,2005-11-28,0.938,0.929,0.948,0.923,14605.35,600068
2040,2005-11-29,0.929,0.919,0.932,0.913,8019.81,600068
2041,2005-11-30,0.919,0.916,0.919,0.901,7458.84,600068
2042,2005-12-01,0.919,0.916,0.923,0.907,3938.09,600068
2043,2005-12-02,0.907,0.904,0.919,0.897,5424.61,600068
2044,2005-12-05,0.904,0.904,0.91,0.888,7635.51,600068
2045,2005-12-06,0.901,0.91,0.919,0.888,7006.7,600068
2046,2005-12-07,0.91,0.919,0.919,0.901,4696.23,600068
2047,2005-12-08,0.919,0.919,0.923,0.91,6335.77,600068
2048,2005-12-09,0.916,0.926,0.929,0.913,10464.71,600068
2049,2005-12-12,0.926,0.926,0.929,0.919,8256.77,600068
2050,2005-12-13,0.926,0.916,0.926,0.913,6064.01,600068
2051,2005-12-14,0.913,0.929,0.932,0.913,8963.98,600068
2052,2005-12-15,0.929,0.923,0.935,0.919,9574.49,600068
2053,2005-12-16,0.926,0.929,0.932,0.919,8321.78,600068
2054,2005-12-19,0.929,0.935,0.938,0.923,8758.08,600068
2055,2005-12-20,0.932,0.935,0.938,0.929,6258.03,600068
2056,2005-12-21,0.935,0.919,0.938,0.919,7574.79,600068
2057,2005-12-22,0.926,0.938,0.945,0.916,12604.09,600068
2058,2005-12-23,0.935,0.938,0.941,0.929,12021.91,600068
2059,2005-12-26,0.941,0.951,0.954,0.938,17221.43,600068
2060,2005-12-27,0.951,0.963,0.973,0.941,22428.35,600068
2061,2005-12-28,0.963,0.957,0.967,0.951,8687.23,600068
2062,2005-12-29,0.957,0.967,0.973,0.954,14041.2,600068
2063,2005-12-30,0.967,0.976,0.998,0.963,38040.82,600068
2064,2006-01-04,0.973,0.995,0.998,0.97,22621.27,600068
2065,2006-01-05,0.995,0.998,0.998,0.986,12420.39,600068
2066,2006-01-06,0.995,1.001,1.004,0.986,19519.33,600068
2067,2006-01-09,1.001,1.004,1.017,0.995,16749.41,600068
2068,2006-01-10,1.004,0.995,1.004,0.989,15297.01,600068
2069,2006-01-11,0.992,0.982,0.998,0.979,16665.5,600068
2070,2006-01-12,0.979,0.998,1.001,0.979,12025.07,600068
2071,2006-01-13,1.001,1.008,1.023,0.998,19900.53,600068
2072,2006-01-16,0.998,0.973,1.008,0.973,36576.28,600068
2073,2006-01-17,0.97,0.976,0.982,0.963,22250.03,600068
2074,2006-01-18,0.976,1.014,1.023,0.973,40116.26,600068
2075,2006-01-19,1.023,1.077,1.102,1.014,112798.93,600068
2076,2006-01-20,1.064,1.074,1.096,1.064,50523.94,600068
2077,2006-01-23,1.064,1.086,1.093,1.052,33392.51,600068
2078,2006-01-24,1.083,1.086,1.134,1.077,46482.22,600068
2079,2006-01-25,1.096,1.083,1.105,1.067,29734.6,600068
2080,2006-02-06,1.08,1.093,1.105,1.064,36706.9,600068
2081,2006-02-07,1.099,1.171,1.203,1.093,94435.81,600068
2082,2006-02-08,1.171,1.219,1.219,1.156,80403.78,600068
2083,2006-02-09,1.219,1.162,1.219,1.152,57836.26,600068
2084,2006-02-10,1.156,1.196,1.196,1.156,40305.88,600068
2085,2006-02-13,1.2,1.19,1.206,1.178,36239.37,600068
2086,2006-02-14,1.193,1.184,1.206,1.174,25481.29,600068
2087,2006-02-15,1.196,1.187,1.2,1.174,37904.21,600068
2088,2006-02-16,1.19,1.13,1.2,1.124,40323.1,600068
2089,2006-02-17,1.127,1.118,1.14,1.105,28550.96,600068
2090,2006-02-20,1.108,1.134,1.137,1.096,25789.43,600068
2091,2006-02-21,1.134,1.152,1.156,1.115,31870.85,600068
2092,2006-02-22,1.149,1.14,1.159,1.134,19884.69,600068
2093,2006-02-23,1.14,1.134,1.14,1.115,20323.66,600068
2094,2006-02-24,1.127,1.134,1.143,1.124,11778.56,600068
2095,2006-02-27,1.134,1.124,1.143,1.118,15043.61,600068
2096,2006-02-28,1.124,1.115,1.124,1.099,17512.45,600068
2097,2006-03-01,1.118,1.146,1.149,1.108,19059.1,600068
2098,2006-03-02,1.14,1.111,1.146,1.108,11895.4,600068
2099,2006-03-03,1.111,1.115,1.127,1.102,21032.98,600068
2100,2006-03-06,1.111,1.118,1.124,1.111,7998.12,600068
2101,2006-03-07,1.118,1.064,1.118,1.055,29914.01,600068
2102,2006-03-08,1.058,1.064,1.071,1.03,20740.51,600068
2103,2006-03-09,1.055,1.058,1.061,1.045,7408.72,600068
2104,2006-03-10,1.061,1.074,1.08,1.055,15627.78,600068
2105,2006-03-13,1.071,1.08,1.08,1.061,9395.13,600068
2106,2006-03-14,1.083,1.08,1.093,1.074,9416.82,600068
2107,2006-03-15,1.077,1.096,1.099,1.077,9912.62,600068
2108,2006-03-16,1.096,1.096,1.099,1.086,7706.38,600068
2109,2006-03-17,1.093,1.134,1.14,1.086,35632.75,600068
2110,2006-03-20,1.14,1.178,1.19,1.124,47202.84,600068
2111,2006-03-21,1.181,1.168,1.19,1.146,44164.26,600068
2112,2006-03-22,1.162,1.184,1.187,1.159,26522.41,600068
2113,2006-03-23,1.181,1.196,1.212,1.181,30214.72,600068
2114,2006-03-24,1.196,1.165,1.203,1.165,23832.58,600068
2115,2006-03-27,1.162,1.156,1.162,1.146,14934.92,600068
2116,2006-03-28,1.156,1.234,1.244,1.156,85548.73,600068
2117,2006-03-29,1.25,1.225,1.25,1.212,35752.53,600068
2118,2006-03-30,1.222,1.225,1.266,1.215,42940.41,600068
2119,2006-03-31,1.222,1.278,1.281,1.215,81590.09,600068
2120,2006-04-12,1.407,1.407,1.407,1.407,18022.55,600068
2121,2006-04-13,1.543,1.54,1.549,1.474,287314.46,600068
2122,2006-04-14,1.511,1.552,1.555,1.483,186526.5,600068
2123,2006-05-17,1.407,1.28,1.407,1.224,536734.85,600068
2124,2006-05-18,1.271,1.313,1.327,1.238,239789.48,600068
2125,2006-05-19,1.304,1.445,1.445,1.304,434001.91,600068
2126,2006-05-22,1.44,1.506,1.543,1.412,433655.38,600068
2127,2006-05-23,1.496,1.398,1.496,1.398,318099.06,600068
2128,2006-05-24,1.384,1.327,1.435,1.271,219049.14,600068
2129,2006-05-26,1.351,1.388,1.393,1.327,213082.26,600068
2130,2006-05-29,1.393,1.473,1.473,1.379,325027.83,600068
2131,2006-05-30,1.482,1.459,1.496,1.435,355868.68,600068
2132,2006-05-31,1.459,1.421,1.463,1.407,187996.38,600068
2133,2006-06-01,1.416,1.477,1.501,1.407,295755.6,600068
2134,2006-06-02,1.477,1.501,1.524,1.463,398905.13,600068
2135,2006-06-05,1.543,1.651,1.651,1.543,644385.25,600068
2136,2006-06-06,1.656,1.66,1.745,1.642,534679.86,600068
2137,2006-06-07,1.66,1.496,1.67,1.496,297224.79,600068
2138,2006-06-08,1.459,1.501,1.51,1.431,209568.5,600068
2139,2006-06-09,1.501,1.435,1.51,1.431,131733.96,600068
2140,2006-06-12,1.431,1.44,1.445,1.398,94749.15,600068
2141,2006-06-13,1.445,1.426,1.454,1.412,77368.66,600068
2142,2006-06-14,1.421,1.416,1.421,1.384,79833.48,600068
2143,2006-06-15,1.426,1.449,1.468,1.426,114989.02,600068
2144,2006-06-16,1.454,1.487,1.487,1.449,131035.03,600068
2145,2006-06-19,1.477,1.482,1.492,1.459,92725.79,600068
2146,2006-06-20,1.482,1.463,1.482,1.435,86618.81,600068
2147,2006-06-21,1.459,1.482,1.52,1.435,140263.89,600068
2148,2006-06-22,1.468,1.51,1.515,1.463,162306.94,600068
2149,2006-06-23,1.524,1.487,1.524,1.468,179266.25,600068
2150,2006-06-26,1.487,1.496,1.515,1.473,94235.71,600068
2151,2006-06-27,1.501,1.492,1.506,1.477,109039.59,600068
2152,2006-06-28,1.496,1.51,1.538,1.492,127202.3,600068
2153,2006-06-29,1.515,1.599,1.613,1.51,294631.57,600068
2154,2006-06-30,1.609,1.585,1.637,1.576,371788.65,600068
2155,2006-07-03,1.595,1.59,1.609,1.557,123554.41,600068
2156,2006-07-04,1.599,1.548,1.599,1.529,150009.03,600068
2157,2006-07-05,1.548,1.515,1.557,1.492,97120.53,600068
2158,2006-07-06,1.51,1.538,1.548,1.496,88476.17,600068
2159,2006-07-07,1.557,1.571,1.576,1.524,181431.12,600068
2160,2006-07-10,1.576,1.609,1.613,1.548,182332.92,600068
2161,2006-07-11,1.613,1.623,1.628,1.585,198631.22,600068
2162,2006-07-12,1.637,1.585,1.637,1.576,270129.08,600068
2163,2006-07-13,1.585,1.473,1.595,1.454,181328.46,600068
2164,2006-07-14,1.501,1.496,1.51,1.454,107217.45,600068
2165,2006-07-17,1.515,1.529,1.538,1.492,80791.77,600068
2166,2006-07-18,1.543,1.558,1.572,1.51,72647.09,600068
2167,2006-07-19,1.553,1.496,1.553,1.472,73135.46,600068
2168,2006-07-20,1.524,1.51,1.529,1.482,44579.19,600068
2169,2006-07-21,1.51,1.501,1.524,1.496,40190.25,600068
2170,2006-07-24,1.496,1.577,1.586,1.468,116768.02,600068
2171,2006-07-25,1.586,1.624,1.633,1.553,635252.33,600068
2172,2006-07-26,1.605,1.586,1.614,1.572,201721.85,600068
2173,2006-07-27,1.586,1.548,1.586,1.529,126722.71,600068
2174,2006-07-28,1.543,1.558,1.577,1.52,97484.24,600068
2175,2006-07-31,1.548,1.482,1.558,1.472,93461.83,600068
2176,2006-08-01,1.482,1.477,1.506,1.468,69463.57,600068
2177,2006-08-02,1.496,1.468,1.506,1.444,59341.09,600068
2178,2006-08-03,1.477,1.439,1.487,1.42,58879.58,600068
2179,2006-08-04,1.439,1.368,1.453,1.363,83084.31,600068
2180,2006-08-07,1.359,1.316,1.359,1.316,59550.47,600068
2181,2006-08-08,1.316,1.359,1.363,1.307,50798.38,600068
2182,2006-08-09,1.363,1.349,1.373,1.34,35272.76,600068
2183,2006-08-10,1.359,1.378,1.382,1.345,44309.16,600068
2184,2006-08-11,1.373,1.382,1.392,1.363,32419.58,600068
2185,2006-08-14,1.373,1.335,1.382,1.326,38553.49,600068
2186,2006-08-15,1.326,1.354,1.359,1.326,27253.96,600068
2187,2006-08-16,1.354,1.368,1.368,1.345,29857.55,600068
2188,2006-08-17,1.368,1.349,1.368,1.335,25203.89,600068
2189,2006-08-18,1.349,1.34,1.363,1.335,22492.72,600068
2190,2006-08-21,1.292,1.335,1.335,1.269,30827.29,600068
2191,2006-08-22,1.335,1.34,1.354,1.326,30651.08,600068
2192,2006-08-23,1.335,1.33,1.34,1.326,31061.55,600068
2193,2006-08-24,1.33,1.326,1.33,1.311,27689.03,600068
2194,2006-08-25,1.326,1.335,1.345,1.326,23759.41,600068
2195,2006-08-28,1.335,1.363,1.363,1.33,50135.64,600068
2196,2006-08-29,1.363,1.363,1.387,1.349,57971.78,600068
2197,2006-08-30,1.359,1.363,1.368,1.349,31150.67,600068
2198,2006-08-31,1.373,1.368,1.382,1.363,42520.33,600068
2199,2006-09-01,1.368,1.335,1.373,1.33,41002.36,600068
2200,2006-09-04,1.33,1.345,1.349,1.33,33656.52,600068
2201,2006-09-05,1.349,1.359,1.359,1.34,39176.93,600068
2202,2006-09-06,1.359,1.387,1.392,1.345,70729.52,600068
2203,2006-09-07,1.382,1.363,1.382,1.345,45030.76,600068
2204,2006-09-08,1.368,1.387,1.397,1.359,61004.75,600068
2205,2006-09-11,1.406,1.416,1.42,1.382,156620.48,600068
2206,2006-09-12,1.416,1.42,1.43,1.406,92991.46,600068
2207,2006-09-13,1.42,1.392,1.425,1.387,51281.58,600068
2208,2006-09-14,1.387,1.373,1.397,1.359,41790.29,600068
2209,2006-09-15,1.373,1.392,1.397,1.373,41073.33,600068
2210,2006-09-18,1.397,1.401,1.406,1.387,50514.96,600068
2211,2006-09-19,1.406,1.411,1.425,1.392,64909.59,600068
2212,2006-09-20,1.416,1.453,1.468,1.411,178747.47,600068
2213,2006-09-22,1.453,1.411,1.468,1.406,79622.26,600068
2214,2006-09-25,1.401,1.397,1.42,1.387,33551.81,600068
2215,2006-09-26,1.392,1.382,1.397,1.373,30680.86,600068
2216,2006-09-27,1.378,1.387,1.392,1.373,28716.55,600068
2217,2006-09-28,1.387,1.392,1.392,1.373,40370.68,600068
2218,2006-09-29,1.392,1.401,1.411,1.387,40295.62,600068
2219,2006-10-09,1.411,1.416,1.43,1.406,47773.9,600068
2220,2006-10-10,1.42,1.43,1.444,1.411,59640.41,600068
2221,2006-10-11,1.435,1.425,1.439,1.411,43709.07,600068
2222,2006-10-12,1.425,1.42,1.43,1.406,67325.36,600068
2223,2006-10-13,1.42,1.444,1.453,1.416,84714.42,600068
2224,2006-10-16,1.458,1.458,1.468,1.439,127311.29,600068
2225,2006-10-17,1.449,1.435,1.453,1.42,74240.88,600068
2226,2006-10-18,1.43,1.444,1.444,1.42,42519.05,600068
2227,2006-10-19,1.444,1.43,1.449,1.42,49197.93,600068
2228,2006-10-20,1.43,1.453,1.453,1.43,94334.02,600068
2229,2006-10-23,1.458,1.425,1.472,1.416,144453.44,600068
2230,2006-10-24,1.425,1.449,1.449,1.425,105604.62,600068
2231,2006-10-25,1.453,1.435,1.453,1.42,62872.49,600068
2232,2006-10-26,1.435,1.42,1.435,1.411,49242.14,600068
2233,2006-10-27,1.42,1.382,1.42,1.378,59898.74,600068
2234,2006-10-30,1.382,1.406,1.406,1.378,26560.87,600068
2235,2006-10-31,1.406,1.397,1.406,1.387,31689.0,600068
2236,2006-11-01,1.397,1.401,1.406,1.382,44862.5,600068
2237,2006-11-02,1.401,1.42,1.439,1.397,62284.16,600068
2238,2006-11-03,1.42,1.458,1.463,1.406,156307.38,600068
2239,2006-11-06,1.453,1.482,1.487,1.43,194458.89,600068
2240,2006-11-07,1.496,1.501,1.515,1.482,345925.12,600068
2241,2006-11-08,1.51,1.453,1.51,1.449,97351.14,600068
2242,2006-11-09,1.444,1.458,1.472,1.439,53745.26,600068
2243,2006-11-10,1.458,1.416,1.468,1.411,76223.38,600068
2244,2006-11-13,1.411,1.363,1.416,1.33,68955.56,600068
2245,2006-11-14,1.363,1.387,1.387,1.345,47576.78,600068
2246,2006-11-15,1.392,1.392,1.401,1.363,38216.31,600068
2247,2006-11-16,1.387,1.373,1.401,1.363,55489.1,600068
2248,2006-11-17,1.368,1.382,1.387,1.354,38389.86,600068
2249,2006-11-20,1.387,1.373,1.397,1.363,42796.66,600068
2250,2006-11-21,1.373,1.373,1.387,1.363,47639.36,600068
2251,2006-11-22,1.373,1.401,1.416,1.373,67120.22,600068
2252,2006-11-23,1.401,1.411,1.411,1.392,58765.35,600068
2253,2006-11-24,1.411,1.401,1.411,1.387,54213.8,600068
2254,2006-11-27,1.401,1.411,1.411,1.392,62968.65,600068
2255,2006-11-28,1.411,1.42,1.435,1.411,70591.73,600068
2256,2006-11-29,1.411,1.458,1.458,1.387,99559.52,600068
2257,2006-11-30,1.458,1.449,1.472,1.439,116247.46,600068
2258,2006-12-01,1.449,1.487,1.501,1.444,227431.34,600068
2259,2006-12-04,1.506,1.51,1.524,1.496,319761.76,600068
2260,2006-12-05,1.51,1.506,1.52,1.491,162496.37,600068
2261,2006-12-06,1.506,1.496,1.515,1.435,199779.71,600068
2262,2006-12-07,1.51,1.534,1.577,1.51,404951.49,600068
2263,2006-12-08,1.515,1.458,1.539,1.453,142430.34,600068
2264,2006-12-11,1.458,1.496,1.496,1.453,82283.78,600068
2265,2006-12-12,1.496,1.482,1.515,1.463,59263.91,600068
2266,2006-12-13,1.491,1.468,1.496,1.458,56668.61,600068
2267,2006-12-14,1.472,1.482,1.491,1.468,60256.71,600068
2268,2006-12-15,1.482,1.487,1.491,1.468,69292.04,600068
2269,2006-12-18,1.487,1.51,1.539,1.482,133254.71,600068
2270,2006-12-19,1.51,1.491,1.52,1.472,93106.64,600068
2271,2006-12-20,1.491,1.548,1.553,1.472,244408.76,600068
2272,2006-12-21,1.543,1.515,1.548,1.506,181367.29,600068
2273,2006-12-22,1.506,1.586,1.586,1.501,268574.7,600068
2274,2006-12-25,1.633,1.6,1.681,1.586,510111.4,600068
2275,2006-12-26,1.591,1.553,1.6,1.529,171696.17,600068
2276,2006-12-27,1.548,1.567,1.591,1.534,109263.93,600068
2277,2006-12-28,1.567,1.577,1.61,1.543,166870.3,600068
2278,2006-12-29,1.6,1.614,1.638,1.591,247114.35,600068
2279,2007-01-04,1.648,1.614,1.657,1.595,289464.47,600068
2280,2007-01-05,1.614,1.7,1.704,1.614,392160.71,600068
2281,2007-01-08,1.704,1.742,1.752,1.685,282594.54,600068
2282,2007-01-09,1.742,1.733,1.756,1.704,212812.1,600068
2283,2007-01-10,1.733,1.766,1.771,1.7,268574.29,600068
2284,2007-01-11,1.771,1.756,1.832,1.742,316155.66,600068
2285,2007-01-12,1.742,1.648,1.799,1.643,270854.96,600068
2286,2007-01-15,1.633,1.728,1.733,1.624,219512.69,600068
2287,2007-01-16,1.733,1.903,1.903,1.695,520112.33,600068
2288,2007-01-17,1.979,1.846,1.979,1.799,780473.36,600068
2289,2007-01-18,1.846,1.884,1.917,1.804,252420.56,600068
2290,2007-01-19,1.889,1.908,1.917,1.861,287013.22,600068
2291,2007-01-22,1.894,1.96,1.965,1.894,370655.58,600068
2292,2007-01-23,1.965,2.069,2.116,1.922,463939.75,600068
2293,2007-01-24,2.074,2.05,2.145,2.026,410501.24,600068
2294,2007-01-25,2.031,1.922,2.031,1.917,294210.01,600068
2295,2007-01-26,1.894,1.903,1.922,1.752,284784.61,600068
2296,2007-01-29,1.903,1.974,1.998,1.903,227283.08,600068
2297,2007-01-30,1.974,2.012,2.059,1.903,404142.59,600068
2298,2007-01-31,2.017,1.927,2.059,1.898,430876.91,600068
2299,2007-02-01,1.894,2.074,2.097,1.875,624169.77,600068
2300,2007-02-02,2.107,2.045,2.111,1.974,528789.15,600068
2301,2007-02-06,1.917,2.159,2.187,1.842,649773.01,600068
2302,2007-02-07,2.178,2.13,2.282,2.093,384840.07,600068
2303,2007-02-08,2.13,2.14,2.173,2.088,263456.05,600068
2304,2007-02-09,2.14,2.116,2.154,2.083,224201.35,600068
2305,2007-02-12,2.116,2.149,2.164,2.102,224837.57,600068
2306,2007-02-13,2.159,2.135,2.173,2.107,198001.99,600068
2307,2007-02-14,2.154,2.201,2.249,2.126,338607.59,600068
2308,2007-02-15,2.206,2.263,2.272,2.183,353386.21,600068
2309,2007-02-16,2.277,2.258,2.334,2.235,323759.54,600068
2310,2007-02-26,2.291,2.485,2.485,2.23,434436.55,600068
2311,2007-02-27,2.485,2.32,2.523,2.239,639244.48,600068
2312,2007-02-28,2.367,2.552,2.552,2.358,875653.35,600068
2313,2007-03-01,2.566,2.485,2.566,2.438,558013.73,600068
2314,2007-03-02,2.467,2.471,2.552,2.419,265556.02,600068
2315,2007-03-05,2.467,2.414,2.49,2.296,328075.81,600068
2316,2007-03-06,2.391,2.386,2.414,2.32,171094.21,600068
2317,2007-03-07,2.386,2.476,2.504,2.372,283977.0,600068
2318,2007-03-08,2.476,2.5,2.528,2.443,305470.99,600068
2319,2007-03-09,2.504,2.457,2.509,2.433,238858.37,600068
2320,2007-03-12,2.457,2.542,2.575,2.443,289438.23,600068
2321,2007-03-13,2.538,2.599,2.637,2.504,338939.36,600068
2322,2007-03-14,2.557,2.519,2.58,2.462,313759.38,600068
2323,2007-03-15,2.519,2.585,2.623,2.504,307664.37,600068
2324,2007-03-16,2.585,2.684,2.727,2.533,632077.11,600068
2325,2007-03-19,2.557,2.732,2.803,2.533,484794.09,600068
2326,2007-03-20,2.722,2.746,2.779,2.675,321789.76,600068
2327,2007-03-21,2.732,2.822,2.878,2.703,368428.0,600068
2328,2007-03-22,2.831,2.859,2.921,2.803,410355.31,600068
2329,2007-03-23,2.888,3.087,3.139,2.888,527119.65,600068
2330,2007-04-09,3.394,3.394,3.394,3.394,11798.16,600068
2331,2007-04-10,3.735,3.735,3.735,3.735,9245.02,600068
2332,2007-04-11,4.109,4.109,4.109,4.109,25232.3,600068
2333,2007-04-12,4.521,4.521,4.521,4.521,18079.23,600068
2334,2007-04-13,4.976,4.976,4.976,4.976,36047.1,600068
2335,2007-04-16,5.473,5.473,5.473,5.26,750671.84,600068
2336,2007-04-17,5.823,6.022,6.022,5.492,199436.29,600068
2337,2007-04-18,6.623,6.623,6.623,6.396,250444.95,600068
2338,2007-04-19,7.276,6.259,7.286,5.989,1559672.27,600068
2339,2007-04-20,6.249,6.401,6.865,6.154,834454.02,600068
2340,2007-04-23,6.41,6.618,6.723,6.027,856914.35,600068
2341,2007-04-24,6.528,6.453,6.581,6.344,525977.65,600068
2342,2007-04-25,6.528,6.652,7.002,6.396,728728.29,600068
2343,2007-04-26,6.571,6.576,6.718,6.429,343997.91,600068
2344,2007-04-27,6.552,6.24,6.557,6.192,422229.17,600068
2345,2007-04-30,6.131,6.055,6.154,5.752,624424.96,600068
2346,2007-05-08,6.306,6.661,6.661,6.154,774837.21,600068
2347,2007-05-09,6.855,6.765,7.101,6.462,837796.75,600068
2348,2007-05-11,6.528,6.453,6.618,6.263,396546.76,600068
2349,2007-05-14,6.169,6.297,6.533,6.098,389665.44,600068
2350,2007-05-16,5.975,6.301,6.415,5.799,441822.79,600068
2351,2007-05-17,6.301,6.297,6.391,6.183,367739.08,600068
2352,2007-05-18,6.396,6.552,6.789,6.396,635269.9,600068
2353,2007-05-21,6.287,6.571,6.723,6.225,492551.09,600068
2354,2007-05-22,6.666,6.576,6.865,6.514,515032.67,600068
2355,2007-05-23,6.595,7.234,7.234,6.538,723909.02,600068
2356,2007-05-24,7.811,7.958,7.958,7.575,1534007.5,600068
2357,2007-05-25,8.214,8.261,8.735,7.811,1271107.12,600068
2358,2007-05-28,9.09,8.346,9.09,8.048,636023.54,600068
2359,2007-05-29,8.285,8.261,8.517,7.991,621563.52,600068
2360,2007-05-30,7.575,7.437,8.043,7.437,506317.69,600068
2361,2007-05-31,6.921,6.879,7.272,6.694,726314.1,600068
2362,2007-06-01,7.078,6.192,7.158,6.192,608492.63,600068
2363,2007-06-04,6.581,6.491,6.77,5.989,1133865.92,600068
2364,2007-06-05,6.505,6.42,6.51,5.842,729704.29,600068
2365,2007-06-06,6.439,6.647,6.865,6.145,729226.07,600068
2366,2007-06-07,6.642,6.997,7.092,6.514,703310.14,600068
2367,2007-06-08,6.959,7.04,7.333,6.808,678739.69,600068
2368,2007-06-11,7.092,7.04,7.191,6.94,546461.6,600068
2369,2007-06-12,7.101,7.745,7.745,6.959,991875.67,600068
2370,2007-06-13,7.765,8.03,8.068,7.579,859886.0,600068
2371,2007-06-14,8.03,7.769,8.064,7.689,552964.09,600068
2372,2007-06-15,8.315,8.548,8.548,8.31,345337.49,600068
2373,2007-06-19,9.402,8.723,9.402,8.638,1140358.71,600068
2374,2007-06-20,8.543,8.083,8.828,7.916,751710.78,600068
2375,2007-06-21,7.902,7.727,8.201,7.537,557942.4,600068
2376,2007-06-22,7.708,7.579,8.182,7.261,528484.98,600068
2377,2007-06-25,7.579,6.82,7.807,6.82,385536.44,600068
2378,2007-06-26,6.516,6.815,6.834,6.16,468224.8,600068
2379,2007-06-27,6.887,7.119,7.252,6.853,420659.46,600068
2380,2007-06-28,7.119,6.407,7.119,6.407,390539.25,600068
2381,2007-06-29,6.17,6.16,6.455,6.028,366206.32,600068
2382,2007-07-02,6.298,6.379,6.383,6.028,272743.33,600068
2383,2007-07-03,6.55,6.44,6.626,6.194,222638.07,600068
2384,2007-07-04,6.493,6.194,6.493,6.17,163191.89,600068
2385,2007-07-05,6.099,5.577,6.099,5.577,290818.51,600068
2386,2007-07-06,5.221,6.023,6.137,5.05,517112.04,600068
2387,2007-07-09,6.17,6.284,6.459,5.933,462898.36,600068
2388,2007-07-10,6.27,5.937,6.35,5.933,294286.45,600068
2389,2007-07-11,5.861,5.842,5.961,5.743,168538.92,600068
2390,2007-07-12,5.847,5.847,5.942,5.79,109577.28,600068
2391,2007-07-13,5.852,5.729,5.885,5.638,121563.77,600068
2392,2007-07-16,5.71,5.301,5.743,5.292,174786.21,600068
2393,2007-07-17,5.221,5.316,5.449,5.135,159555.87,600068
2394,2007-07-18,5.316,5.301,5.477,5.178,165235.16,600068
2395,2007-07-19,5.301,5.501,5.695,5.244,206860.12,600068
2396,2007-07-20,5.553,5.729,5.809,5.505,239313.65,600068
2397,2007-07-23,5.743,6.127,6.165,5.743,298995.24,600068
2398,2007-07-24,6.222,6.023,6.289,6.013,291621.8,600068
2399,2007-07-25,5.98,6.17,6.241,5.956,231464.5,600068
2400,2007-07-26,6.255,6.355,6.493,6.194,279208.91,600068
2401,2007-07-27,6.327,6.488,6.583,6.17,297561.47,600068
2402,2007-07-30,6.663,6.659,6.83,6.54,318561.74,600068
2403,2007-07-31,6.659,7.323,7.323,6.455,660648.88,600068
2404,2007-08-01,7.399,6.853,7.632,6.787,715456.12,600068
2405,2007-08-02,6.834,7.105,7.285,6.82,376721.52,600068
2406,2007-08-03,7.157,7.038,7.2,6.929,329847.47,600068
2407,2007-08-06,7.095,6.996,7.214,6.887,257837.71,600068
2408,2007-08-07,6.953,6.996,7.148,6.697,366118.18,600068
2409,2007-08-08,7.038,7.299,7.485,6.929,583926.1,600068
2410,2007-08-09,7.404,7.314,7.537,7.299,399246.62,600068
2411,2007-08-10,7.347,7.969,8.04,7.176,867869.44,600068
2412,2007-08-13,7.983,8.495,8.681,7.693,791472.22,600068
2413,2007-08-15,8.78,8.073,8.78,7.973,755056.01,600068
2414,2007-08-16,7.926,7.518,7.926,7.409,553553.59,600068
2415,2007-08-17,7.356,7.551,7.736,7.266,303552.91,600068
2416,2007-08-21,8.011,7.746,8.282,7.665,396050.65,600068
2417,2007-08-22,7.589,7.812,8.13,7.504,332376.72,600068
2418,2007-08-23,7.831,7.826,7.954,7.641,283189.64,600068
2419,2007-08-24,7.878,8.002,8.206,7.736,406493.06,600068
2420,2007-08-27,8.125,7.883,8.192,7.836,306407.87,600068
2421,2007-08-28,7.798,7.575,7.807,7.513,291010.14,600068
2422,2007-08-29,7.494,7.299,7.542,7.238,288344.93,600068
2423,2007-08-30,7.333,7.485,7.589,7.333,182915.18,600068
2424,2007-08-31,7.499,7.641,7.95,7.499,198983.99,600068
2425,2007-09-03,7.641,7.67,7.727,7.57,238601.62,600068
2426,2007-09-05,7.537,7.442,7.632,7.361,176600.07,600068
2427,2007-09-06,7.57,7.641,7.859,7.48,265271.39,600068
2428,2007-09-07,7.627,7.385,7.632,7.38,204242.61,600068
2429,2007-09-10,7.276,7.409,7.451,7.119,215049.3,600068
2430,2007-09-11,7.404,7.29,7.826,7.261,348878.06,600068
2431,2007-09-12,7.461,8.021,8.021,7.461,690255.57,600068
2432,2007-09-13,8.533,8.14,8.823,8.078,928807.62,600068
2433,2007-09-14,7.736,8.182,8.78,7.375,471332.48,600068
2434,2007-09-17,8.187,8.211,8.533,8.068,406025.05,600068
2435,2007-09-21,8.457,7.636,8.548,7.404,350487.34,600068
2436,2007-09-24,7.641,7.266,7.641,7.119,262493.26,600068
2437,2007-09-25,7.276,7.361,7.48,7.257,128921.81,600068
2438,2007-09-26,7.356,7.143,7.356,7.124,148481.61,600068
2439,2007-09-27,7.205,7.29,7.475,7.2,136076.96,600068
2440,2007-09-28,7.404,7.385,7.494,7.309,112270.07,600068
2441,2007-10-08,7.551,7.261,7.579,7.238,155845.05,600068
2442,2007-10-09,7.243,7.299,7.347,7.143,117402.05,600068
2443,2007-10-10,7.28,7.224,7.333,7.167,142572.3,600068
2444,2007-10-11,7.224,7.152,7.224,7.119,167031.35,600068
2445,2007-10-12,7.119,6.849,7.261,6.493,239384.48,600068
2446,2007-10-15,6.849,6.996,7.114,6.478,236065.31,600068
2447,2007-10-16,7.693,7.693,7.693,7.693,107061.55,600068
2448,2007-10-17,8.244,8.14,8.462,7.926,708595.23,600068
2449,2007-10-18,8.068,7.523,8.068,7.499,303000.86,600068
2450,2007-10-19,7.594,7.603,7.755,7.404,160613.4,600068
2451,2007-10-22,7.665,7.722,8.064,7.504,233340.63,600068
2452,2007-10-23,7.746,7.532,7.921,7.309,132294.8,600068
2453,2007-10-24,7.551,7.366,7.636,7.356,94744.23,600068
2454,2007-10-25,7.29,6.64,7.404,6.63,168843.64,600068
2455,2007-10-26,6.573,6.749,6.806,6.459,103602.1,600068
2456,2007-10-29,6.82,6.858,6.877,6.597,94133.12,600068
2457,2007-10-30,6.882,7.352,7.356,6.716,113467.96,600068
2458,2007-10-31,7.546,7.347,7.822,7.314,153070.26,600068
2459,2007-11-01,7.356,6.977,7.404,6.967,111702.39,600068
2460,2007-11-02,6.668,6.754,6.981,6.668,97313.51,600068
2461,2007-11-05,6.758,6.815,6.906,6.645,65136.78,600068
2462,2007-11-06,6.815,6.763,6.896,6.735,52372.94,600068
2463,2007-11-07,6.735,6.663,6.849,6.569,71485.47,600068
2464,2007-11-08,6.673,6.398,6.687,6.388,79433.74,600068
2465,2007-11-09,6.398,6.184,6.459,6.122,76799.52,600068
2466,2007-11-12,6.146,5.776,6.146,5.695,128834.06,600068
2467,2007-11-13,5.838,5.885,6.051,5.771,83507.59,600068
2468,2007-11-14,5.975,6.17,6.17,5.914,72561.92,600068
2469,2007-11-21,6.782,6.545,6.787,6.36,190385.82,600068
2470,2007-11-22,6.327,6.331,6.758,6.227,97039.85,600068
2471,2007-11-23,6.265,6.431,6.45,6.265,40570.06,600068
2472,2007-11-26,6.502,6.213,6.588,6.179,60997.33,600068
2473,2007-11-27,6.122,6.075,6.265,6.018,48379.51,600068
2474,2007-11-28,6.16,6.16,6.36,6.061,46112.57,600068
2475,2007-11-29,6.17,6.308,6.36,6.16,46261.15,600068
2476,2007-11-30,6.364,6.146,6.364,6.118,39017.47,600068
2477,2007-12-03,6.056,6.137,6.198,6.051,27970.5,600068
2478,2007-12-04,6.156,6.184,6.265,6.132,28656.81,600068
2479,2007-12-05,6.189,6.312,6.327,6.113,56126.0,600068
2480,2007-12-07,6.421,6.459,6.578,6.374,90031.6,600068
2481,2007-12-10,6.388,6.583,6.64,6.336,95933.64,600068
2482,2007-12-11,6.54,6.559,6.63,6.459,72225.25,600068
2483,2007-12-12,6.535,6.602,6.616,6.455,76633.63,600068
2484,2007-12-13,6.583,6.716,6.877,6.554,155201.25,600068
2485,2007-12-14,6.725,6.763,6.882,6.573,133937.46,600068
2486,2007-12-17,6.763,6.83,6.92,6.706,122597.54,600068
2487,2007-12-18,6.906,6.825,7.105,6.806,134259.46,600068
2488,2007-12-19,6.906,6.834,6.906,6.73,110614.34,600068
2489,2007-12-20,6.953,7.019,7.072,6.953,124564.08,600068
2490,2007-12-21,7.053,7.451,7.584,7.053,271794.97,600068
2491,2007-12-24,7.523,7.641,7.75,7.523,293776.83,600068
2492,2007-12-25,7.689,7.641,7.826,7.523,242407.74,600068
2493,2007-12-26,7.727,7.674,7.798,7.523,154814.1,600068
2494,2007-12-27,7.712,7.537,7.75,7.485,225166.97,600068
2495,2007-12-28,7.527,7.299,7.57,7.28,222026.72,600068
2496,2008-01-02,7.309,7.466,7.523,7.171,179396.53,600068
2497,2008-01-03,7.499,7.66,7.684,7.432,224786.4,600068
2498,2008-01-04,7.674,7.56,7.722,7.527,145341.74,600068
2499,2008-01-07,7.542,8.087,8.234,7.504,429688.86,600068
2500,2008-01-08,8.163,7.741,8.168,7.722,388109.84,600068
2501,2008-01-09,7.741,7.841,7.969,7.693,144013.9,600068
2502,2008-01-10,7.841,7.731,8.011,7.717,167081.64,600068
2503,2008-01-11,7.712,7.57,7.807,7.48,144721.08,600068
2504,2008-01-14,7.565,7.627,7.76,7.456,119016.98,600068
2505,2008-01-15,7.689,7.551,7.689,7.504,109442.63,600068
2506,2008-01-16,7.551,7.318,7.551,7.261,146308.67,600068
2507,2008-01-17,7.219,7.243,7.499,7.024,123251.47,600068
2508,2008-01-18,7.257,7.371,7.399,7.214,77160.06,600068
2509,2008-01-21,7.356,6.972,7.442,6.953,91242.99,600068
2510,2008-01-22,6.739,6.274,6.787,6.274,141053.47,600068
2511,2008-01-23,6.289,6.488,6.55,6.179,128616.81,600068
2512,2008-01-24,6.559,6.545,6.64,6.341,116384.63,600068
2513,2008-01-25,6.55,6.616,6.725,6.421,95295.15,600068
2514,2008-01-28,6.621,6.146,6.645,6.028,98884.53,600068
2515,2008-01-29,6.146,6.64,6.682,6.122,125335.38,600068
2516,2008-01-30,6.645,6.882,6.953,6.578,180058.57,600068
2517,2008-01-31,6.839,6.787,6.953,6.697,98437.72,600068
2518,2008-02-01,6.891,6.635,6.891,6.364,88396.82,600068
2519,2008-02-04,6.744,7.081,7.19,6.744,102053.89,600068
2520,2008-02-05,7.081,7.091,7.181,6.981,74831.59,600068
2521,2008-02-13,7.095,7.105,7.114,6.744,62009.4,600068
2522,2008-02-14,7.157,7.366,7.494,7.157,116225.45,600068
2523,2008-02-18,7.499,7.38,7.499,7.181,112200.06,600068
2524,2008-02-19,7.38,7.337,7.404,7.214,93859.31,600068
2525,2008-02-20,7.337,7.133,7.428,7.124,83632.24,600068
2526,2008-02-21,7.105,7.005,7.124,6.839,93561.38,600068
2527,2008-02-22,6.977,6.792,7.11,6.645,73246.03,600068
2528,2008-02-25,6.792,6.502,6.872,6.493,73475.14,600068
2529,2008-02-26,6.834,6.621,6.882,6.407,66847.63,600068
2530,2008-02-27,6.716,6.792,6.844,6.621,74825.19,600068
2531,2008-02-28,6.834,6.635,6.834,6.573,62123.04,600068
2532,2008-02-29,6.645,6.645,6.706,6.564,71082.05,600068
2533,2008-03-03,6.583,6.697,6.754,6.455,112442.82,600068
2534,2008-03-04,6.744,6.673,6.877,6.635,104480.13,600068
2535,2008-03-05,6.616,6.478,6.645,6.35,123881.9,600068
2536,2008-03-06,6.483,6.569,6.597,6.36,92052.83,600068
2537,2008-03-07,6.502,6.364,6.502,6.308,79325.73,600068
2538,2008-03-10,6.36,6.236,6.36,6.184,61041.24,600068
2539,2008-03-11,6.194,6.298,6.341,6.127,49361.78,600068
2540,2008-03-12,6.393,6.156,6.426,6.146,48023.91,600068
2541,2008-03-13,6.122,5.795,6.122,5.733,68855.11,600068
2542,2008-03-14,5.795,5.838,5.923,5.743,33735.43,600068
2543,2008-03-17,5.88,5.263,5.88,5.254,58126.79,600068
2544,2008-03-18,5.259,4.77,5.363,4.737,89248.15,600068
2545,2008-03-19,4.76,4.922,5.055,4.76,76272.1,600068
2546,2008-03-20,4.888,5.093,5.135,4.49,135117.02,600068
2547,2008-03-21,5.074,5.183,5.268,4.979,113395.38,600068
2548,2008-03-24,5.244,5.088,5.311,5.078,106058.09,600068
2549,2008-03-25,4.936,5.04,5.078,4.855,69453.65,600068
2550,2008-03-26,5.078,4.822,5.078,4.746,89355.26,600068
2551,2008-03-27,4.751,4.466,4.756,4.461,75762.04,600068
2552,2008-03-28,4.442,4.68,4.689,4.376,60871.92,600068
2553,2008-03-31,4.646,4.533,4.661,4.509,36638.89,600068
2554,2008-04-01,4.684,4.623,4.832,4.594,129973.14,600068
2555,2008-04-02,4.722,4.3,4.765,4.234,87576.47,600068
2556,2008-04-03,4.267,4.3,4.385,3.987,63351.79,600068
2557,2008-04-07,4.3,4.632,4.675,4.2,79674.24,600068
2558,2008-04-08,4.732,4.822,4.983,4.732,154072.55,600068
2559,2008-04-09,4.817,4.438,4.836,4.423,89984.74,600068
2560,2008-04-10,4.343,4.514,4.528,4.295,54267.54,600068
2561,2008-04-11,4.561,4.594,4.68,4.509,41361.73,600068
2562,2008-04-14,4.504,4.234,4.504,4.205,56774.36,600068
2563,2008-04-15,4.267,4.347,4.362,4.129,38860.22,600068
2564,2008-04-16,4.362,4.219,4.366,4.177,26878.79,600068
2565,2008-04-17,4.196,4.039,4.295,3.987,39274.76,600068
2566,2008-04-18,3.939,3.778,4.034,3.74,55762.18,600068
2567,2008-04-21,4.082,3.792,4.134,3.74,58032.21,600068
2568,2008-04-22,3.749,3.702,3.749,3.417,46730.0,600068
2569,2008-04-23,3.612,3.859,3.878,3.569,51331.04,600068
2570,2008-04-24,4.181,4.243,4.243,4.086,162778.19,600068
2571,2008-04-28,4.243,4.271,4.371,4.215,96363.13,600068
2572,2008-04-29,4.267,4.366,4.371,4.167,92730.33,600068
2573,2008-04-30,4.433,4.722,4.732,4.433,180360.63,600068
2574,2008-05-05,4.794,4.784,4.865,4.708,145789.15,600068
2575,2008-05-06,4.722,4.689,4.784,4.594,123010.77,600068
2576,2008-05-07,4.684,4.395,4.77,4.39,104868.77,600068
2577,2008-05-08,4.328,4.476,4.495,4.276,80467.26,600068
2578,2008-05-09,4.533,4.362,4.542,4.29,87578.74,600068
2579,2008-05-12,4.271,4.366,4.452,4.181,78910.2,600068
2580,2008-05-13,4.267,4.642,4.746,4.181,214518.65,600068
2581,2008-05-14,4.722,4.851,4.912,4.499,312756.5,600068
2582,2008-05-15,5.031,4.77,5.126,4.751,381759.5,600068
2583,2008-05-16,4.737,4.77,4.926,4.684,143648.06,600068
2584,2008-05-19,4.746,5.145,5.216,4.699,273389.99,600068
2585,2008-05-20,5.173,4.751,5.173,4.694,226709.5,600068
2586,2008-05-21,4.675,4.884,4.969,4.466,195956.79,600068
2587,2008-05-22,4.794,4.903,5.15,4.722,197237.96,600068
2588,2008-05-23,4.841,4.694,4.974,4.604,125455.85,600068
2589,2008-05-26,4.613,4.362,4.656,4.338,106209.2,600068
2590,2008-05-27,4.352,4.347,4.452,4.29,67195.56,600068
2591,2008-05-28,4.357,4.537,4.547,4.309,77548.19,600068
2592,2008-05-29,4.642,4.485,4.675,4.466,97312.63,600068
2593,2008-05-30,4.499,4.594,4.632,4.461,79304.67,600068
2594,2008-06-02,4.627,4.979,5.055,4.561,236500.45,600068
2595,2008-06-03,4.969,4.835,4.989,4.801,107431.19,600068
2596,2008-06-04,4.835,4.845,4.926,4.71,84706.01,600068
2597,2008-06-05,4.849,4.691,4.883,4.662,69503.64,600068
2598,2008-06-06,4.676,4.772,4.811,4.561,82083.36,600068
2599,2008-06-10,4.643,4.297,4.657,4.297,100071.36,600068
2600,2008-06-11,4.105,4.105,4.264,4.062,76457.02,600068
2601,2008-06-12,4.057,4.024,4.196,3.918,64213.12,600068
2602,2008-06-13,4.158,3.985,4.244,3.971,74204.94,600068
2603,2008-06-16,4.014,3.966,4.124,3.846,54873.75,600068
2604,2008-06-17,3.961,3.601,3.995,3.567,75824.54,600068
2605,2008-06-18,3.606,3.817,3.865,3.366,89904.73,600068
2606,2008-06-19,3.793,3.438,3.793,3.438,67937.2,600068
2607,2008-06-20,3.611,3.668,3.697,3.438,102790.5,600068
2608,2008-06-23,3.731,3.721,3.875,3.51,71206.79,600068
2609,2008-06-24,3.745,3.759,3.769,3.601,69646.52,600068
2610,2008-06-25,3.721,3.951,3.999,3.707,158183.65,600068
2611,2008-06-27,3.827,3.591,3.827,3.563,93580.7,600068
2612,2008-06-30,3.539,3.615,3.63,3.423,51156.51,600068
2613,2008-07-01,3.625,3.481,3.649,3.447,31522.44,600068
2614,2008-07-02,3.462,3.529,3.577,3.462,37409.07,600068
2615,2008-07-03,3.481,3.711,3.836,3.399,92288.79,600068
2616,2008-07-04,3.668,3.654,3.783,3.625,51973.36,600068
2617,2008-07-07,3.654,3.851,3.899,3.649,104275.88,600068
2618,2008-07-08,3.841,3.86,3.937,3.774,87150.24,600068
2619,2008-07-09,3.913,3.999,4.043,3.86,113601.54,600068
2620,2008-07-10,3.937,3.899,4.086,3.889,127732.04,600068
2621,2008-07-11,3.879,3.879,3.999,3.798,72096.31,600068
2622,2008-07-14,3.841,3.879,3.903,3.745,60932.58,600068
2623,2008-07-15,3.879,4.028,4.225,3.86,205212.54,600068
2624,2008-07-16,3.961,4.115,4.172,3.851,179506.95,600068
2625,2008-07-17,4.177,3.793,4.268,3.783,223022.72,600068
2626,2008-07-18,3.793,3.841,3.884,3.587,109351.04,600068
2627,2008-07-21,3.793,3.913,3.942,3.759,100399.57,600068
2628,2008-07-22,3.889,3.923,4.009,3.865,67389.51,600068
2629,2008-07-23,3.99,3.846,3.99,3.831,72252.65,600068
2630,2008-07-24,3.889,3.927,3.956,3.846,74015.11,600068
2631,2008-07-25,3.913,3.971,4.024,3.846,111489.88,600068
2632,2008-07-28,3.99,4.081,4.168,3.956,168667.45,600068
2633,2008-07-29,4.014,3.927,4.028,3.894,76981.46,600068
2634,2008-07-30,3.971,3.975,4.067,3.927,64006.03,600068
2635,2008-07-31,3.98,3.836,4.009,3.827,58552.35,600068
2636,2008-08-01,3.793,3.86,3.899,3.721,50970.2,600068
2637,2008-08-04,3.86,3.711,3.86,3.702,36225.64,600068
2638,2008-08-05,3.721,3.606,3.764,3.591,34983.85,600068
2639,2008-08-06,3.687,3.606,3.687,3.553,34469.19,600068
2640,2008-08-07,3.63,3.639,3.668,3.567,24135.08,600068
2641,2008-08-08,3.644,3.342,3.697,3.318,48207.0,600068
2642,2008-08-11,3.342,3.01,3.361,3.006,57138.9,600068
2643,2008-08-12,2.977,2.977,3.039,2.91,32303.33,600068
2644,2008-08-13,2.962,2.924,2.977,2.742,47778.52,600068
2645,2008-08-14,2.914,2.924,2.962,2.857,25493.43,600068
2646,2008-08-15,2.938,2.943,2.977,2.886,33379.59,600068
2647,2008-08-18,2.977,2.65,2.991,2.65,38998.33,600068
2648,2008-08-19,2.636,2.761,2.775,2.588,41415.52,600068
2649,2008-08-20,2.742,3.039,3.039,2.665,110794.31,600068
2650,2008-08-21,3.015,3.058,3.202,2.977,175079.03,600068
2651,2008-08-22,3.015,2.938,3.02,2.828,73752.4,600068
2652,2008-08-25,2.905,2.881,2.977,2.857,37142.11,600068
2653,2008-08-26,2.833,2.775,2.876,2.67,54038.18,600068
2654,2008-08-27,2.78,2.708,2.833,2.655,41596.5,600068
2655,2008-08-28,2.727,2.727,2.746,2.679,30084.1,600068
2656,2008-08-29,2.746,2.948,3.001,2.727,119306.07,600068
2657,2008-09-01,2.886,2.785,2.924,2.751,86226.06,600068
2658,2008-09-02,2.809,2.866,2.948,2.809,65166.83,600068
2659,2008-09-03,2.842,2.919,2.919,2.809,61379.62,600068
2660,2008-09-04,2.914,2.948,3.054,2.91,59527.31,600068
2661,2008-09-05,2.833,2.943,3.054,2.78,101876.43,600068
2662,2008-09-08,2.938,2.953,3.02,2.886,79599.55,600068
2663,2008-09-09,2.953,3.049,3.063,2.938,70650.7,600068
2664,2008-09-10,3.034,3.063,3.111,2.982,97223.37,600068
2665,2008-09-11,3.097,3.15,3.169,3.001,122415.73,600068
2666,2008-09-12,3.193,3.188,3.457,3.169,228751.93,600068
2667,2008-09-16,3.164,3.236,3.361,3.054,170922.0,600068
2668,2008-09-18,3.097,3.034,3.169,2.914,203328.98,600068
2669,2008-09-19,3.327,3.337,3.337,3.222,145628.57,600068
2670,2008-09-22,3.553,3.486,3.673,3.323,213850.88,600068
2671,2008-09-23,3.361,3.217,3.39,3.207,100235.97,600068
2672,2008-09-24,3.169,3.356,3.366,3.135,77707.73,600068
2673,2008-09-25,3.361,3.404,3.505,3.323,126759.09,600068
2674,2008-09-26,3.433,3.39,3.457,3.313,79562.48,600068
2675,2008-10-06,3.313,3.183,3.313,3.164,55267.45,600068
2676,2008-10-07,3.078,3.198,3.26,3.039,55198.81,600068
2677,2008-10-08,3.159,3.207,3.236,3.121,39131.66,600068
2678,2008-10-09,3.279,3.222,3.299,3.193,44039.52,600068
2679,2008-10-10,3.135,3.13,3.164,3.049,58929.63,600068
2680,2008-10-13,3.092,3.212,3.217,3.015,56152.44,600068
2681,2008-10-14,3.313,3.082,3.342,3.082,50759.32,600068
2682,2008-10-15,3.078,3.106,3.164,3.034,34429.93,600068
2683,2008-10-16,3.001,3.001,3.063,2.881,54123.84,600068
2684,2008-10-17,3.01,3.03,3.111,2.972,49708.8,600068
2685,2008-10-20,3.015,3.097,3.116,2.982,36301.15,600068
2686,2008-10-21,3.111,3.121,3.231,3.073,67707.27,600068
2687,2008-10-22,3.121,3.078,3.202,3.078,70430.69,600068
2688,2008-10-23,2.977,3.126,3.135,2.929,50197.19,600068
2689,2008-10-24,3.145,3.174,3.275,3.145,135828.8,600068
2690,2008-10-27,3.121,3.188,3.241,3.097,140938.6,600068
2691,2008-10-28,3.159,3.284,3.294,2.982,132972.02,600068
2692,2008-10-29,3.299,3.068,3.299,3.058,77207.52,600068
2693,2008-10-30,3.111,3.025,3.126,2.996,63820.46,600068
2694,2008-10-31,3.058,2.943,3.082,2.919,50457.76,600068
2695,2008-11-03,2.924,2.967,2.982,2.89,34923.15,600068
2696,2008-11-04,2.982,3.001,3.087,2.953,55552.67,600068
2697,2008-11-05,3.01,3.212,3.236,3.01,141306.18,600068
2698,2008-11-06,3.111,3.279,3.289,3.106,170583.85,600068
2699,2008-11-07,3.207,3.231,3.337,3.193,112697.27,600068
2700,2008-11-10,3.361,3.553,3.553,3.318,228288.45,600068
2701,2008-11-11,3.639,3.596,3.745,3.563,296068.3,600068
2702,2008-11-12,3.548,3.822,3.831,3.524,233175.04,600068
2703,2008-11-13,3.769,3.98,4.086,3.74,281339.41,600068
2704,2008-11-14,4.009,4.244,4.312,3.961,237252.57,600068
2705,2008-11-17,4.249,4.446,4.465,4.177,285709.37,600068
2706,2008-11-18,4.441,4.105,4.441,3.999,338397.21,600068
2707,2008-11-19,4.115,4.518,4.518,4.115,366269.56,600068
2708,2008-11-20,4.417,4.374,4.561,4.297,283864.62,600068
2709,2008-11-21,4.211,4.422,4.561,4.115,295174.09,600068
2710,2008-11-24,4.393,4.134,4.451,4.129,148741.42,600068
2711,2008-11-25,4.225,3.995,4.273,3.721,287331.77,600068
2712,2008-11-26,3.937,3.966,4.096,3.875,147388.92,600068
2713,2008-11-27,4.273,3.966,4.292,3.956,370558.21,600068
2714,2008-11-28,3.937,3.927,4.072,3.865,132533.43,600068
2715,2008-12-01,3.913,4.062,4.081,3.875,120192.0,600068
2716,2008-12-02,3.985,4.028,4.158,3.961,157688.69,600068
2717,2008-12-03,4.076,4.432,4.432,4.076,325483.65,600068
2718,2008-12-04,4.465,4.331,4.537,4.321,317674.07,600068
2719,2008-12-05,4.326,4.412,4.451,4.316,128849.94,600068
2720,2008-12-08,4.499,4.475,4.523,4.379,244435.29,600068
2721,2008-12-09,4.657,4.446,4.667,4.408,246649.7,600068
2722,2008-12-10,4.393,4.465,4.508,4.297,177611.45,600068
2723,2008-12-11,4.441,4.249,4.441,4.225,159275.95,600068
2724,2008-12-15,4.148,4.177,4.244,4.057,120480.44,600068
2725,2008-12-16,4.158,4.268,4.297,4.067,108070.2,600068
2726,2008-12-17,4.331,4.326,4.436,4.297,91743.19,600068
2727,2008-12-18,4.326,4.336,4.403,4.254,62265.5,600068
2728,2008-12-19,4.336,4.374,4.384,4.321,76204.17,600068
2729,2008-12-22,4.408,4.254,4.408,4.235,47698.36,600068
2730,2008-12-23,4.249,3.99,4.312,3.961,89807.63,600068
2731,2008-12-24,3.899,3.999,4.052,3.899,56855.49,600068
2732,2008-12-25,4.014,4.096,4.1,3.951,66172.16,600068
2733,2008-12-26,4.12,4.048,4.182,3.913,74858.23,600068
2734,2008-12-29,3.985,4.057,4.062,3.855,56565.17,600068
2735,2008-12-30,4.072,4.172,4.177,3.985,84825.45,600068
2736,2008-12-31,4.187,4.244,4.369,4.12,229026.89,600068
2737,2009-01-05,4.321,4.302,4.355,4.177,243329.46,600068
2738,2009-01-06,4.177,4.398,4.441,4.177,185423.7,600068
2739,2009-01-07,4.393,4.374,4.489,4.35,134378.65,600068
2740,2009-01-08,4.312,4.259,4.312,4.24,80635.5,600068
2741,2009-01-09,4.244,4.249,4.312,4.192,74498.79,600068
2742,2009-01-12,4.249,4.216,4.288,4.158,76702.64,600068
2743,2009-01-13,4.177,4.168,4.225,4.144,76082.0,600068
2744,2009-01-14,4.168,4.345,4.393,4.144,108136.05,600068
2745,2009-01-15,4.321,4.446,4.465,4.278,190371.35,600068
2746,2009-01-16,4.46,4.364,4.561,4.36,175845.86,600068
2747,2009-01-19,4.393,4.278,4.417,4.225,103513.85,600068
2748,2009-01-20,4.283,4.336,4.34,4.196,53784.68,600068
2749,2009-01-21,4.302,4.249,4.345,4.211,55216.48,600068
2750,2009-01-22,4.283,4.384,4.446,4.259,99070.57,600068
2751,2009-01-23,4.417,4.403,4.504,4.321,109280.89,600068
2752,2009-02-02,4.441,4.619,4.628,4.374,186420.07,600068
2753,2009-02-03,4.624,4.739,4.777,4.576,193542.87,600068
2754,2009-02-04,4.753,4.648,4.753,4.576,244121.91,600068
2755,2009-02-05,4.624,4.638,4.787,4.585,259183.13,600068
2756,2009-02-06,4.652,4.83,4.883,4.652,221058.47,600068
2757,2009-02-09,4.873,4.835,4.965,4.715,284749.18,600068
2758,2009-02-10,4.801,4.845,4.854,4.662,242225.39,600068
2759,2009-02-11,4.744,4.821,5.013,4.696,293923.25,600068
2760,2009-02-12,4.84,4.777,4.873,4.681,140859.28,600068
2761,2009-02-13,4.777,5.037,5.089,4.777,311580.03,600068
2762,2009-02-16,5.137,5.085,5.152,4.921,222828.26,600068
2763,2009-02-17,5.161,4.926,5.315,4.921,395042.88,600068
2764,2009-02-18,4.849,4.734,4.902,4.691,200677.64,600068
2765,2009-02-19,4.744,4.878,4.912,4.744,149744.62,600068
2766,2009-02-20,4.873,4.984,5.08,4.825,146959.99,600068
2767,2009-02-23,4.989,5.051,5.089,4.902,179168.18,600068
2768,2009-02-24,4.993,4.993,5.209,4.941,274961.71,600068
2769,2009-02-25,5.046,5.248,5.305,4.969,371922.17,600068
2770,2009-02-26,5.281,5.037,5.281,4.744,220897.08,600068
2771,2009-02-27,4.936,4.633,4.993,4.561,190664.26,600068
2772,2009-03-02,4.561,4.681,4.792,4.47,96973.12,600068
2773,2009-03-03,4.609,4.854,4.873,4.537,150641.34,600068
2774,2009-03-04,4.921,5.123,5.181,4.921,229079.76,600068
2775,2009-03-05,5.161,5.128,5.229,4.993,209603.63,600068
2776,2009-03-06,5.041,5.233,5.363,5.008,279332.2,600068
2777,2009-03-09,5.277,4.955,5.339,4.926,218899.04,600068
2778,2009-03-10,4.907,5.032,5.075,4.873,117469.7,600068
2779,2009-03-11,5.104,4.931,5.157,4.902,136805.79,600068
2780,2009-03-12,4.907,4.869,4.974,4.792,93864.02,600068
2781,2009-03-13,4.893,4.806,4.921,4.763,85001.04,600068
2782,2009-03-16,4.777,4.845,4.883,4.777,61242.48,600068
2783,2009-03-17,4.921,5.013,5.061,4.84,132619.7,600068
2784,2009-03-18,5.041,5.085,5.133,4.969,127539.44,600068
2785,2009-03-19,5.065,5.085,5.089,4.969,138941.52,600068
2786,2009-03-20,5.089,4.907,5.113,4.854,246592.57,600068
2787,2009-03-23,4.888,4.926,4.96,4.825,156472.93,600068
2788,2009-03-24,4.974,5.085,5.161,4.893,253524.94,600068
2789,2009-03-25,5.046,4.883,5.046,4.883,161519.66,600068
2790,2009-03-26,4.883,4.941,4.95,4.753,150924.31,600068
2791,2009-03-27,4.974,4.926,5.013,4.888,141345.47,600068
2792,2009-03-30,4.926,4.907,4.979,4.873,87053.0,600068
2793,2009-03-31,4.845,5.349,5.387,4.801,502553.94,600068
2794,2009-04-01,5.219,5.243,5.353,5.209,354294.77,600068
2795,2009-04-02,5.305,5.253,5.454,5.243,279120.53,600068
2796,2009-04-03,5.301,5.128,5.305,5.07,208095.76,600068
2797,2009-04-07,5.142,5.185,5.257,5.123,110635.43,600068
2798,2009-04-08,5.171,4.921,5.171,4.912,164928.07,600068
2799,2009-04-09,4.897,5.032,5.041,4.897,118237.96,600068
2800,2009-04-10,5.037,5.152,5.19,5.003,173634.43,600068
2801,2009-04-13,5.209,5.243,5.32,5.185,231562.78,600068
2802,2009-04-14,5.229,5.224,5.281,5.118,153024.62,600068
2803,2009-04-15,5.205,5.373,5.473,5.152,299544.78,600068
2804,2009-04-16,5.401,5.248,5.401,5.185,195433.04,600068
2805,2009-04-17,5.185,5.152,5.296,5.137,124378.1,600068
2806,2009-04-20,5.185,5.301,5.325,5.185,145875.85,600068
2807,2009-04-21,5.248,5.181,5.296,5.113,149065.47,600068
2808,2009-04-22,5.19,5.037,5.277,4.921,165258.76,600068
2809,2009-04-23,4.993,5.041,5.065,4.945,84411.39,600068
2810,2009-04-24,5.056,5.032,5.104,4.989,90282.04,600068
2811,2009-04-27,4.993,4.801,5.027,4.768,130141.41,600068
2812,2009-04-29,4.917,5.07,5.104,4.849,144364.74,600068
2813,2009-04-30,5.099,5.229,5.315,5.094,280695.39,600068
2814,2009-05-04,5.233,5.32,5.339,5.157,235123.57,600068
2815,2009-05-05,5.373,5.272,5.377,5.233,182619.67,600068
2816,2009-05-06,5.272,5.555,5.57,5.272,497444.65,600068
2817,2009-05-07,5.56,5.387,5.584,5.281,417542.62,600068
2818,2009-05-08,5.382,5.349,5.445,5.281,186348.27,600068
2819,2009-05-11,5.358,5.128,5.406,5.113,200999.8,600068
2820,2009-05-12,5.075,5.19,5.195,5.046,133951.45,600068
2821,2009-05-13,5.181,5.181,5.229,5.137,112005.73,600068
2822,2009-05-14,5.142,5.229,5.233,5.113,104042.55,600068
2823,2009-05-15,5.2,5.214,5.267,5.185,96532.76,600068
2824,2009-05-18,5.233,5.401,5.449,5.224,306403.37,600068
2825,2009-05-19,5.411,5.406,5.44,5.296,214140.31,600068
2826,2009-05-20,5.469,5.363,5.469,5.353,227137.07,600068
2827,2009-05-21,5.325,5.214,5.401,5.19,159844.23,600068
2828,2009-05-22,5.185,5.305,5.315,5.128,141142.89,600068
2829,2009-05-25,5.233,5.502,5.512,5.195,397615.04,600068
2830,2009-05-26,5.473,5.435,5.594,5.43,330833.61,600068
2831,2009-05-27,5.449,5.392,5.493,5.368,163624.23,600068
2832,2009-06-01,5.43,5.526,5.608,5.377,283463.14,600068
2833,2009-06-02,5.545,5.401,5.545,5.387,254882.56,600068
2834,2009-06-03,5.397,5.473,5.57,5.377,271705.11,600068
2835,2009-06-04,5.435,5.445,5.555,5.344,220131.02,600068
2836,2009-06-05,5.411,5.411,5.493,5.377,147719.29,600068
2837,2009-06-09,5.493,5.353,5.56,5.224,219347.4,600068
2838,2009-06-10,5.349,5.401,5.502,5.296,185737.4,600068
2839,2009-06-11,5.387,5.277,5.449,5.229,233985.17,600068
2840,2009-06-12,5.243,5.185,5.315,5.137,171693.02,600068
2841,2009-06-15,5.195,5.238,5.257,5.157,96478.41,600068
2842,2009-06-16,5.2,5.171,5.248,5.137,119460.05,600068
2843,2009-06-17,5.181,5.296,5.31,5.181,115998.06,600068
2844,2009-06-18,5.31,5.301,5.344,5.257,126257.71,600068
2845,2009-06-19,5.305,5.387,5.512,5.248,321219.41,600068
2846,2009-06-22,5.449,5.421,5.55,5.358,271485.73,600068
2847,2009-06-23,5.348,5.392,5.436,5.329,120415.95,600068
2848,2009-06-24,5.479,5.441,5.504,5.348,179219.69,600068
2849,2009-06-25,5.47,5.465,5.494,5.343,192875.87,600068
2850,2009-06-26,5.46,5.46,5.538,5.416,191652.9,600068
2851,2009-06-29,5.538,5.664,5.732,5.504,464558.02,600068
2852,2009-06-30,5.727,5.907,6.111,5.703,573949.92,600068
2853,2009-07-01,5.912,5.994,6.004,5.858,336008.25,600068
2854,2009-07-02,5.975,5.999,6.043,5.887,291170.43,600068
2855,2009-07-03,5.97,6.203,6.296,5.926,403545.99,600068
2856,2009-07-06,6.257,6.237,6.359,6.121,370593.98,600068
2857,2009-07-08,6.145,6.077,6.145,5.97,305990.94,600068
2858,2009-07-09,6.087,6.271,6.388,6.082,258140.01,600068
2859,2009-07-10,6.296,6.223,6.359,6.198,170895.87,600068
2860,2009-07-13,6.266,6.232,6.334,6.179,203658.93,600068
2861,2009-07-14,6.232,6.266,6.3,6.193,180548.39,600068
2862,2009-07-15,6.276,6.427,6.485,6.261,271624.3,600068
2863,2009-07-16,6.509,6.266,6.548,6.247,219166.71,600068
2864,2009-07-17,6.257,6.159,6.296,6.087,275642.35,600068
2865,2009-07-20,6.169,6.218,6.242,6.135,236777.01,600068
2866,2009-07-21,6.237,6.072,6.261,6.004,396824.32,600068
2867,2009-07-22,6.072,6.125,6.155,6.057,237887.88,600068
2868,2009-07-23,6.135,6.344,6.398,6.135,401743.57,600068
2869,2009-07-24,6.417,6.3,6.48,6.174,347485.68,600068
2870,2009-07-27,6.383,6.378,6.393,6.261,305411.87,600068
2871,2009-07-28,6.402,6.592,6.597,6.368,424174.25,600068
2872,2009-07-29,6.606,6.13,6.699,5.931,441348.2,600068
2873,2009-07-30,6.159,6.174,6.286,5.975,233379.25,600068
2874,2009-07-31,6.223,6.47,6.558,6.179,390135.69,600068
2875,2009-08-03,6.534,6.461,6.553,6.368,281099.5,600068
2876,2009-08-04,6.509,6.325,6.509,6.193,360144.6,600068
2877,2009-08-05,6.344,6.436,6.582,6.291,357789.28,600068
2878,2009-08-06,6.344,6.271,6.398,6.208,229637.79,600068
2879,2009-08-07,6.364,6.174,6.364,6.121,237806.73,600068
2880,2009-08-10,6.266,6.291,6.33,6.15,164071.24,600068
2881,2009-08-11,6.3,6.509,6.558,6.223,388006.81,600068
2882,2009-08-12,6.509,6.14,6.509,6.101,376043.6,600068
2883,2009-08-13,6.159,6.145,6.213,6.023,202011.82,600068
2884,2009-08-14,6.218,5.892,6.232,5.878,209087.7,600068
2885,2009-08-17,5.824,5.513,5.824,5.479,196728.54,600068
2886,2009-08-18,5.455,5.547,5.611,5.421,175150.14,600068
2887,2009-08-19,5.562,5.188,5.567,5.105,175372.22,600068
2888,2009-08-20,5.212,5.387,5.416,5.212,150382.72,600068
2889,2009-08-21,5.382,5.557,5.591,5.3,192117.43,600068
2890,2009-08-24,5.528,5.562,5.601,5.441,171502.38,600068
2891,2009-08-25,5.533,5.358,5.533,5.246,184368.41,600068
2892,2009-08-26,5.343,5.494,5.562,5.295,159459.9,600068
2893,2009-08-27,5.489,5.562,5.659,5.465,152489.5,600068
2894,2009-08-28,5.572,5.431,5.586,5.397,106375.61,600068
2895,2009-08-31,5.387,5.091,5.387,5.081,124926.23,600068
2896,2009-09-01,5.091,5.057,5.173,4.945,126250.68,600068
2897,2009-09-02,5.057,5.086,5.115,4.984,75992.52,600068
2898,2009-09-03,5.11,5.309,5.334,5.067,168981.92,600068
2899,2009-09-04,5.285,5.348,5.445,5.256,172542.09,600068
2900,2009-09-07,5.441,5.567,5.581,5.397,318699.43,600068
2901,2009-09-08,5.523,5.611,5.649,5.465,197455.71,600068
2902,2009-09-09,5.615,5.62,5.649,5.489,139001.02,600068
2903,2009-09-10,5.596,5.538,5.659,5.528,118612.04,600068
2904,2009-09-11,5.528,5.591,5.625,5.513,137626.74,600068
2905,2009-09-14,5.611,5.766,5.815,5.611,177963.3,600068
2906,2009-09-15,5.766,5.742,5.868,5.708,125402.61,600068
2907,2009-09-16,5.732,5.819,5.853,5.679,168217.84,600068
2908,2009-09-17,5.781,6.023,6.106,5.781,232771.01,600068
2909,2009-09-18,6.028,5.81,6.072,5.781,182369.84,600068
2910,2009-09-21,5.781,6.004,6.023,5.756,207716.61,600068
2911,2009-09-22,6.053,6.009,6.227,5.975,276288.94,600068
2912,2009-09-23,5.98,5.96,6.111,5.921,171260.99,600068
2913,2009-09-24,5.931,5.679,5.975,5.504,215178.55,600068
2914,2009-09-25,5.679,5.781,5.887,5.645,133219.02,600068
2915,2009-09-28,5.853,5.683,5.887,5.601,83471.04,600068
2916,2009-09-29,5.674,5.538,5.708,5.45,87844.15,600068
2917,2009-09-30,5.586,5.552,5.659,5.528,78215.78,600068
2918,2009-10-09,5.693,5.815,5.819,5.596,89951.6,600068
2919,2009-10-12,5.819,5.883,5.994,5.79,121641.88,600068
2920,2009-10-13,5.902,5.926,5.936,5.834,101327.16,600068
2921,2009-10-14,5.97,6.004,6.091,5.926,156486.11,600068
2922,2009-10-15,6.028,6.009,6.072,5.951,120086.13,600068
2923,2009-10-16,6.033,5.975,6.048,5.853,84122.62,600068
2924,2009-10-19,5.951,6.077,6.106,5.936,158658.71,600068
2925,2009-10-20,6.111,6.242,6.252,6.067,248560.37,600068
2926,2009-10-21,6.203,6.193,6.315,6.145,140196.31,600068
2927,2009-10-22,6.218,6.135,6.218,6.125,89545.94,600068
2928,2009-10-23,6.145,6.174,6.271,6.121,133333.16,600068
2929,2009-10-26,6.164,6.218,6.237,6.019,169591.44,600068
2930,2009-10-27,6.208,6.106,6.257,6.082,165014.07,600068
2931,2009-10-28,6.096,6.096,6.145,5.955,82709.64,600068
2932,2009-10-29,6.101,6.218,6.344,6.048,344945.68,600068
2933,2009-10-30,6.291,6.257,6.334,6.193,225372.46,600068
2934,2009-11-02,6.159,6.388,6.422,6.096,348415.05,600068
2935,2009-11-11,6.618,6.635,6.848,6.549,320722.89,600068
2936,2009-11-12,6.664,6.716,6.808,6.566,174879.35,600068
2937,2009-11-13,6.722,6.681,6.722,6.618,185322.03,600068
2938,2009-11-16,6.722,6.906,6.963,6.71,283706.1,600068
2939,2009-11-17,6.848,6.848,6.912,6.745,349090.76,600068
2940,2009-11-18,6.877,6.854,6.969,6.825,240723.83,600068
2941,2009-11-19,6.865,6.889,6.935,6.848,206068.09,600068
2942,2009-11-20,6.935,7.027,7.113,6.9,359269.87,600068
2943,2009-11-23,7.078,7.147,7.165,7.044,294167.95,600068
2944,2009-11-24,7.194,6.733,7.211,6.704,428714.42,600068
2945,2009-11-25,6.71,6.877,6.906,6.618,312906.5,600068
2946,2009-11-26,6.848,6.86,6.883,6.618,411846.15,600068
2947,2009-11-27,6.745,6.641,6.814,6.624,251088.29,600068
2948,2009-11-30,6.635,6.969,6.975,6.635,318219.4,600068
2949,2009-12-01,6.986,6.969,7.004,6.831,288703.12,600068
2950,2009-12-02,7.021,6.929,7.038,6.883,271811.6,600068
2951,2009-12-03,6.935,6.929,7.009,6.877,222755.54,600068
2952,2009-12-07,6.969,7.078,7.13,6.946,286107.56,600068
2953,2009-12-08,7.107,6.917,7.107,6.912,184194.92,600068
2954,2009-12-09,6.883,6.762,6.906,6.739,151142.72,600068
2955,2009-12-10,6.814,6.796,6.877,6.733,103599.43,600068
2956,2009-12-11,6.854,6.819,6.86,6.773,104359.36,600068
2957,2009-12-14,6.819,6.981,7.015,6.802,204049.33,600068
2958,2009-12-15,7.027,6.986,7.038,6.912,163145.78,600068
2959,2009-12-16,6.963,6.946,7.061,6.923,149640.25,600068
2960,2009-12-17,6.946,6.704,7.021,6.676,204523.61,600068
2961,2009-12-18,6.63,6.348,6.67,6.33,232413.59,600068
2962,2009-12-21,6.388,6.422,6.514,6.353,103467.53,600068
2963,2009-12-22,6.503,6.232,6.503,6.227,105899.36,600068
2964,2009-12-23,6.227,6.325,6.359,6.186,78069.79,600068
2965,2009-12-24,6.336,6.463,6.474,6.302,113596.19,600068
2966,2009-12-25,6.497,6.584,6.601,6.44,146142.62,600068
2967,2009-12-28,6.704,6.756,6.831,6.624,213546.67,600068
2968,2009-12-29,6.808,6.785,6.854,6.687,142684.95,600068
2969,2009-12-30,6.796,6.796,6.825,6.722,152855.62,600068
2970,2009-12-31,6.802,6.739,6.86,6.71,305339.44,600068
2971,2010-01-04,6.785,6.601,6.785,6.589,237418.27,600068
2972,2010-01-05,6.503,6.745,6.791,6.422,607815.06,600068
2973,2010-01-06,6.67,6.865,6.94,6.653,637284.01,600068
2974,2010-01-07,6.819,6.647,6.906,6.589,471796.61,600068
2975,2010-01-08,6.641,6.607,6.699,6.486,332878.1,600068
2976,2010-01-11,6.733,6.768,6.808,6.56,395311.11,600068
2977,2010-01-12,6.733,6.929,6.935,6.653,481944.92,600068
2978,2010-01-13,6.819,6.94,7.17,6.773,877350.29,600068
2979,2010-01-14,6.946,7.165,7.222,6.946,730880.48,600068
2980,2010-01-15,7.194,7.153,7.24,7.101,416419.99,600068
2981,2010-01-18,7.153,7.527,7.596,7.153,766495.76,600068
2982,2010-01-19,7.51,7.637,7.775,7.487,791490.04,600068
2983,2010-01-20,7.642,7.406,7.683,7.372,563656.04,600068
2984,2010-01-21,7.464,7.418,7.539,7.222,440874.08,600068
2985,2010-01-22,7.291,7.124,7.401,6.969,464764.05,600068
2986,2010-01-25,7.084,7.027,7.211,6.969,216289.98,600068
2987,2010-01-26,7.027,6.929,7.17,6.871,308068.68,600068
2988,2010-01-27,6.929,7.101,7.228,6.86,378955.67,600068
2989,2010-01-28,7.113,7.13,7.222,6.935,310251.1,600068
2990,2010-01-29,7.084,7.401,7.504,7.021,534440.22,600068
2991,2010-02-01,7.36,7.389,7.591,7.194,487707.93,600068
2992,2010-02-02,7.435,7.274,7.516,7.251,238294.41,600068
2993,2010-02-03,7.263,7.303,7.395,6.981,350656.66,600068
2994,2010-02-04,7.263,7.677,7.913,7.194,796813.51,600068
2995,2010-02-05,7.481,7.677,7.884,7.458,654802.63,600068
2996,2010-02-08,7.654,7.821,7.861,7.533,341135.72,600068
2997,2010-02-09,7.804,7.619,7.867,7.481,265223.21,600068
2998,2010-02-10,7.694,7.631,7.827,7.591,213123.46,600068
2999,2010-02-11,7.706,7.717,7.763,7.608,214968.43,600068
3000,2010-02-12,7.763,7.619,7.763,7.562,189422.51,600068
3001,2010-02-22,7.642,7.919,8.028,7.568,377734.04,600068
3002,2010-02-23,7.913,7.942,8.057,7.757,305176.68,600068
3003,2010-02-24,7.942,8.074,8.114,7.861,249642.74,600068
3004,2010-02-25,8.086,8.103,8.241,8.016,354551.69,600068
3005,2010-02-26,8.051,7.942,8.183,7.913,362703.41,600068
3006,2010-03-01,7.942,7.965,8.005,7.827,320269.06,600068
3007,2010-03-02,7.959,7.907,8.057,7.85,264048.66,600068
3008,2010-03-03,7.913,8.074,8.109,7.913,302805.93,600068
3009,2010-03-04,8.086,7.827,8.252,7.775,453803.5,600068
3010,2010-03-05,7.85,7.844,7.919,7.688,236707.25,600068
3011,2010-03-08,7.804,7.85,7.867,7.746,141084.27,600068
3012,2010-03-09,7.873,7.832,7.901,7.74,134308.55,600068
3013,2010-03-10,7.809,7.642,7.873,7.596,195121.67,600068
3014,2010-03-11,7.631,7.504,7.694,7.435,184498.76,600068
3015,2010-03-12,7.51,7.464,7.631,7.424,160792.14,600068
3016,2010-03-15,7.458,7.527,7.539,7.412,106926.23,600068
3017,2010-03-16,7.568,7.591,7.591,7.499,99474.51,600068
3018,2010-03-17,7.596,7.688,7.711,7.55,213169.78,600068
3019,2010-03-18,7.7,7.671,7.763,7.573,117547.14,600068
3020,2010-03-22,7.855,7.821,7.982,7.763,371080.33,600068
3021,2010-03-23,7.85,7.907,7.936,7.792,177671.59,600068
3022,2010-03-24,7.947,8.178,8.316,7.884,500252.72,600068
3023,2010-03-25,8.316,8.212,8.546,8.178,505676.9,600068
3024,2010-03-26,8.229,8.224,8.281,8.114,234238.18,600068
3025,2010-03-29,8.201,8.275,8.391,8.183,215058.8,600068
3026,2010-03-30,8.287,8.166,8.287,8.126,178158.8,600068
3027,2010-03-31,8.166,8.275,8.344,8.166,174861.73,600068
3028,2010-04-01,8.287,8.408,8.517,8.183,272500.46,600068
3029,2010-04-02,8.379,8.327,8.437,8.293,146791.09,600068
3030,2010-04-06,8.367,8.183,8.419,8.143,228095.88,600068
3031,2010-04-07,8.172,8.137,8.252,8.086,157911.1,600068
3032,2010-04-08,8.16,8.195,8.391,8.126,239067.05,600068
3033,2010-04-09,8.206,8.321,8.362,8.195,197084.12,600068
3034,2010-04-12,8.362,8.529,8.546,8.27,340037.99,600068
3035,2010-04-13,8.546,8.425,8.632,8.241,316211.22,600068
3036,2010-04-14,8.431,8.402,8.46,8.229,164322.45,600068
3037,2010-04-15,8.419,8.281,8.437,8.252,143077.48,600068
3038,2010-04-16,8.258,8.229,8.298,8.143,105355.3,600068
3039,2010-04-19,8.172,7.729,8.224,7.642,245823.89,600068
3040,2010-04-20,7.74,7.792,7.827,7.516,192092.24,600068
3041,2010-04-21,7.832,8.028,8.051,7.746,219860.81,600068
3042,2010-04-22,8.051,7.947,8.183,7.936,232921.59,600068
3043,2010-04-23,7.947,8.011,8.12,7.884,197200.1,600068
3044,2010-04-26,8.011,7.7,8.109,7.694,212673.46,600068
3045,2010-04-27,7.711,7.343,7.74,7.107,353845.03,600068
3046,2010-04-28,7.24,7.234,7.51,7.182,215127.55,600068
3047,2010-04-29,7.395,6.952,7.412,6.906,226950.74,600068
3048,2010-04-30,6.986,7.027,7.078,6.722,211085.84,600068
3049,2010-05-04,6.848,6.952,7.027,6.791,89167.03,600068
3050,2010-05-05,6.889,6.923,6.94,6.618,227035.71,600068
3051,2010-05-06,6.917,6.56,6.975,6.537,243346.22,600068
3052,2010-05-07,6.457,6.181,6.463,6.158,342459.67,600068
3053,2010-05-10,6.273,6.261,6.365,6.083,186512.27,600068
3054,2010-05-11,6.394,6.048,6.434,6.037,249175.03,600068
3055,2010-05-12,5.962,5.887,6.002,5.726,206652.92,600068
3056,2010-05-13,5.899,6.117,6.146,5.841,288917.72,600068
3057,2010-05-14,6.06,6.048,6.112,5.979,192129.41,600068
3058,2010-05-18,5.64,5.835,5.985,5.582,268866.96,600068
3059,2010-05-19,5.703,5.778,5.95,5.703,177556.64,600068
3060,2010-05-20,5.772,5.807,5.933,5.732,214887.04,600068
3061,2010-05-21,5.663,6.089,6.1,5.617,332409.33,600068
3062,2010-05-24,6.163,6.382,6.417,6.163,362829.89,600068
3063,2010-05-25,6.319,6.209,6.353,6.146,252837.13,600068
3064,2010-05-26,6.198,6.336,6.382,6.181,234703.82,600068
3065,2010-05-27,6.584,6.468,6.635,6.399,397186.98,600068
3066,2010-05-28,6.52,6.365,6.543,6.261,327408.14,600068
3067,2010-05-31,6.365,6.221,6.486,6.215,208343.91,600068
3068,2010-06-01,6.158,6.198,6.313,6.06,233721.77,600068
3069,2010-06-02,6.123,6.261,6.267,6.077,141311.4,600068
3070,2010-06-03,6.29,6.238,6.405,6.227,188636.55,600068
3071,2010-06-04,6.192,6.284,6.319,6.169,102099.82,600068
3072,2010-06-07,6.106,6.244,6.284,6.106,126737.91,600068
3073,2010-06-08,6.319,6.313,6.371,6.209,124809.18,600068
3074,2010-06-09,6.313,6.44,6.468,6.279,170808.77,600068
3075,2010-06-10,6.417,6.44,6.503,6.353,158980.47,600068
3076,2010-06-11,6.486,6.486,6.52,6.388,175604.87,600068
3077,2010-06-17,6.514,6.486,6.537,6.44,106049.11,600068
3078,2010-06-21,6.33,6.664,6.676,6.273,290755.39,600068
3079,2010-06-22,6.658,6.842,6.952,6.595,346029.36,600068
3080,2010-06-23,6.819,6.831,6.963,6.693,272741.74,600068
3081,2010-06-24,6.848,6.819,6.865,6.716,105366.44,600068
3082,2010-06-25,6.779,6.722,6.796,6.618,107657.22,600068
3083,2010-06-28,6.716,6.549,6.756,6.503,109024.43,600068
3084,2010-06-29,6.549,6.158,6.612,6.129,172378.46,600068
3085,2010-06-30,6.077,6.002,6.129,5.916,132913.4,600068
3086,2010-07-01,6.043,5.916,6.123,5.899,103692.46,600068
3087,2010-07-02,5.927,5.962,6.031,5.749,205896.03,600068
3088,2010-07-05,5.899,5.991,6.089,5.789,154118.54,600068
3089,2010-07-06,5.974,6.135,6.209,5.974,114227.54,600068
3090,2010-07-07,6.158,6.284,6.388,6.112,159135.96,600068
3091,2010-07-08,6.325,6.29,6.342,6.198,74792.47,600068
3092,2010-07-09,6.376,6.463,6.555,6.29,174537.47,600068
3093,2010-07-12,6.566,6.537,6.584,6.468,138021.0,600068
3094,2010-07-13,6.503,6.422,6.503,6.353,129119.58,600068
3095,2010-07-14,6.451,6.549,6.601,6.445,133569.57,600068
3096,2010-07-15,6.549,6.401,6.732,6.357,168132.04,600068
3097,2010-07-16,6.401,6.366,6.479,6.218,185405.57,600068
3098,2010-07-19,6.297,6.68,6.793,6.209,323934.92,600068
3099,2010-07-20,6.732,6.924,6.993,6.732,441958.62,600068
3100,2010-07-21,7.011,6.915,7.106,6.836,408925.38,600068
3101,2010-07-22,6.958,7.49,7.594,6.958,1039207.32,600068
3102,2010-07-23,7.542,7.577,7.594,7.403,655377.06,600068
3103,2010-07-26,7.577,7.612,7.707,7.437,511666.15,600068
3104,2010-07-27,7.62,7.855,7.916,7.507,680570.33,600068
3105,2010-07-28,7.838,7.89,7.925,7.76,554186.23,600068
3106,2010-07-29,7.89,7.742,7.969,7.62,832578.95,600068
3107,2010-07-30,7.751,7.664,7.829,7.629,392959.83,600068
3108,2010-08-02,7.664,7.794,7.916,7.594,475749.67,600068
3109,2010-08-03,7.829,7.664,7.864,7.638,504933.57,600068
3110,2010-08-04,7.655,7.664,7.707,7.455,402973.99,600068
3111,2010-08-05,7.69,7.916,8.03,7.638,785937.49,600068
3112,2010-08-06,7.925,8.239,8.343,7.925,907447.8,600068
3113,2010-08-09,8.273,8.221,8.291,8.143,434133.0,600068
3114,2010-08-10,8.221,7.777,8.221,7.751,540754.61,600068
3115,2010-08-11,7.725,7.995,8.091,7.681,455195.36,600068
3116,2010-08-12,7.899,8.03,8.221,7.847,438704.14,600068
3117,2010-08-13,8.012,8.056,8.143,7.89,303220.84,600068
3118,2010-08-16,8.064,8.265,8.308,7.969,593332.43,600068
3119,2010-08-17,8.343,8.282,8.404,8.212,476126.06,600068
3120,2010-08-18,8.282,8.526,8.657,8.23,738624.0,600068
3121,2010-08-19,8.474,8.543,8.665,8.421,500482.2,600068
3122,2010-08-20,8.474,8.352,8.535,8.256,373114.14,600068
3123,2010-08-23,8.343,8.125,8.395,8.056,378535.77,600068
3124,2010-08-24,8.117,8.212,8.334,7.899,360842.19,600068
3125,2010-08-25,8.117,7.96,8.239,7.942,309876.95,600068
3126,2010-08-26,7.977,8.047,8.151,7.977,195250.0,600068
3127,2010-08-27,8.056,8.099,8.178,7.977,228421.0,600068
3128,2010-08-30,8.178,8.57,8.604,8.169,645954.0,600068
3129,2010-08-31,8.57,8.491,8.596,8.352,353533.0,600068
3130,2010-09-01,8.561,8.613,8.796,8.404,564037.0,600068
3131,2010-09-02,8.665,8.665,8.726,8.543,598008.0,600068
3132,2010-09-03,8.674,8.796,8.935,8.665,648011.0,600068
3133,2010-09-06,8.857,8.752,8.927,8.648,328662.0,600068
3134,2010-09-07,8.735,8.648,8.735,8.482,495444.0,600068
3135,2010-09-08,8.604,8.604,8.657,8.421,380048.0,600068
3136,2010-09-09,8.604,8.448,8.691,8.413,328115.0,600068
3137,2010-09-10,8.448,8.491,8.526,8.273,271668.0,600068
3138,2010-09-13,8.491,8.482,8.535,8.352,366532.0,600068
3139,2010-09-14,8.456,8.552,8.604,8.456,351071.0,600068
3140,2010-09-15,8.543,8.282,8.543,8.239,410987.0,600068
3141,2010-09-16,8.256,7.821,8.378,7.733,525726.0,600068
3142,2010-09-17,7.847,7.751,7.925,7.646,317343.0,600068
3143,2010-09-20,7.821,7.934,8.047,7.794,405392.0,600068
3144,2010-09-21,7.942,7.812,8.021,7.751,144679.0,600068
3145,2010-09-27,7.812,7.986,8.038,7.777,192636.0,600068
3146,2010-09-28,7.969,7.847,8.021,7.821,165328.0,600068
3147,2010-09-29,7.916,7.49,7.916,7.437,374714.0,600068
3148,2010-09-30,7.507,7.577,7.716,7.49,344527.0,600068
3149,2010-10-08,7.664,7.882,7.986,7.559,396684.0,600068
3150,2010-10-11,7.96,8.021,8.212,7.925,458023.0,600068
3151,2010-10-12,8.021,8.334,8.36,7.934,498258.0,600068
3152,2010-10-13,8.369,8.334,8.517,8.178,459418.0,600068
3153,2010-10-14,8.36,7.995,8.387,7.838,673938.0,600068
3154,2010-10-15,7.995,7.681,7.995,7.629,1097550.0,600068
3155,2010-10-18,7.507,7.733,7.821,7.507,574792.0,600068
3156,2010-10-19,7.733,7.925,7.969,7.646,561056.0,600068
3157,2010-10-20,7.777,8.003,8.117,7.733,668018.0,600068
3158,2010-10-21,8.064,7.986,8.125,7.925,407632.0,600068
3159,2010-10-22,8.03,8.221,8.282,7.977,600608.0,600068
3160,2010-10-25,8.317,8.273,8.421,8.143,673034.0,600068
3161,2010-10-26,8.273,8.125,8.317,7.995,543737.0,600068
3162,2010-10-27,8.169,8.439,8.622,8.099,1186300.0,600068
3163,2010-10-29,8.613,8.404,8.622,8.169,717619.0,600068
3164,2010-11-01,8.474,8.43,8.474,8.265,642467.0,600068
3165,2010-11-02,8.378,9.275,9.275,8.317,2002234.0,600068
3166,2010-11-03,9.266,9.092,9.571,8.961,1518057.0,600068
3167,2010-11-04,9.092,9.249,9.449,8.97,722258.0,600068
3168,2010-11-05,9.231,9.736,9.841,9.153,1150051.0,600068
3169,2010-11-08,9.719,9.789,10.006,9.597,746204.0,600068
3170,2010-11-09,9.771,9.623,9.771,9.51,570293.0,600068
3171,2010-11-10,9.571,9.763,9.972,9.432,598752.0,600068
3172,2010-11-11,9.797,9.928,10.381,9.745,925780.0,600068
3173,2010-11-12,9.928,9.118,10.024,9.101,882832.0,600068
3174,2010-11-15,9.231,9.745,9.754,9.109,802029.0,600068
3175,2010-11-16,9.754,9.467,10.006,9.231,886877.0,600068
3176,2010-11-17,9.275,9.327,9.736,9.197,710703.0,600068
3177,2010-11-18,9.432,9.214,9.562,8.77,585596.0,600068
3178,2010-11-19,9.214,9.24,9.353,8.892,485550.0,600068
3179,2010-11-22,9.127,9.388,9.58,9.022,483632.0,600068
3180,2010-11-23,9.24,9.092,9.362,8.709,429670.0,600068
3181,2010-11-24,9.127,9.249,9.362,9.057,369595.0,600068
3182,2010-11-25,9.362,9.676,9.745,9.327,766855.0,600068
3183,2010-11-26,9.667,9.693,9.832,9.545,742954.0,600068
3184,2010-11-29,9.693,9.928,9.972,9.597,707289.0,600068
3185,2010-11-30,10.015,10.485,10.921,10.015,1576530.0,600068
3186,2010-12-01,10.538,10.416,10.755,10.276,747685.0,600068
3187,2010-12-02,10.799,10.59,11.147,10.529,871594.0,600068
3188,2010-12-03,10.625,10.398,10.668,10.015,611734.0,600068
3189,2010-12-06,10.311,10.564,10.842,10.276,537052.0,600068
3190,2010-12-07,10.573,10.555,10.59,10.25,378038.0,600068
3191,2010-12-08,10.573,10.372,10.668,10.268,381200.0,600068
3192,2010-12-09,10.433,10.033,10.538,9.998,457919.0,600068
3193,2010-12-10,9.989,10.25,10.32,9.937,370897.0,600068
3194,2010-12-13,10.32,10.782,10.842,10.32,679420.0,600068
3195,2010-12-14,10.79,10.973,11.139,10.633,555156.0,600068
3196,2010-12-15,10.921,10.851,11.226,10.633,523818.0,600068
3197,2010-12-16,10.886,10.703,11.017,10.651,278690.0,600068
3198,2010-12-17,10.721,10.66,10.721,10.494,294620.0,600068
3199,2010-12-20,10.886,10.991,11.112,10.407,718096.0,600068
3200,2010-12-21,11.034,11.217,11.295,10.869,570704.0,600068
3201,2010-12-22,11.234,11.095,11.539,10.982,558912.0,600068
3202,2010-12-24,10.842,10.433,10.938,10.276,563790.0,600068
3203,2010-12-27,10.494,10.024,10.651,9.963,568482.0,600068
3204,2010-12-28,9.928,9.736,9.954,9.632,294460.0,600068
3205,2010-12-29,9.745,9.893,10.006,9.728,231620.0,600068
3206,2010-12-30,9.876,9.824,9.963,9.676,235071.0,600068
3207,2010-12-31,9.824,10.102,10.198,9.824,420886.0,600068
3208,2011-01-04,10.329,10.337,10.355,10.076,412158.0,600068
3209,2011-01-05,10.364,10.79,10.93,10.189,664967.0,600068
3210,2011-01-06,10.79,10.886,11.095,10.625,601320.0,600068
3211,2011-01-07,10.799,10.721,11.06,10.625,382159.0,600068
3212,2011-01-10,10.895,10.747,11.321,10.721,599581.0,600068
3213,2011-01-11,10.747,10.851,11.052,10.642,348955.0,600068
3214,2011-01-12,10.886,11.261,11.278,10.703,625350.0,600068
3215,2011-01-13,11.391,10.825,11.417,10.755,613133.0,600068
3216,2011-01-14,10.799,10.93,11.139,10.59,429081.0,600068
3217,2011-01-17,10.869,10.747,11.078,10.625,417330.0,600068
3218,2011-01-18,10.712,10.294,10.712,10.189,407659.0,600068
3219,2011-01-19,10.303,11.156,11.191,10.207,690740.0,600068
3220,2011-01-20,10.886,10.825,11.095,10.799,480520.0,600068
3221,2011-01-21,10.869,11.348,11.635,10.816,928529.0,600068
3222,2011-01-24,11.496,11.67,11.975,11.356,960183.0,600068
3223,2011-01-25,11.496,10.895,11.661,10.616,853262.0,600068
3224,2011-01-26,10.877,11.565,11.652,10.799,653792.0,600068
3225,2011-01-27,11.409,11.957,12.236,11.321,1054175.0,600068
3226,2011-01-28,11.757,12.436,12.671,11.757,1018153.0,600068
3227,2011-01-31,12.846,13.682,13.682,12.637,1975855.0,600068
3228,2011-02-01,13.586,13.185,13.594,13.028,1131751.0,600068
3229,2011-02-09,12.967,13.429,13.812,12.802,1319243.0,600068
3230,2011-02-10,13.15,12.758,13.22,12.602,1080568.0,600068
3231,2011-02-11,12.654,12.75,12.933,12.541,615175.0,600068
3232,2011-02-14,12.758,12.819,12.933,12.367,917574.0,600068
3233,2011-02-15,12.758,12.985,13.368,12.697,1430159.0,600068
3234,2011-02-16,12.846,12.741,12.846,12.506,730497.0,600068
3235,2011-02-17,12.741,12.88,13.037,12.497,719306.0,600068
3236,2011-02-18,12.846,12.872,13.133,12.602,534368.0,600068
3237,2011-02-21,12.715,13.011,13.107,12.671,605870.0,600068
3238,2011-02-22,13.072,12.306,13.107,12.279,844859.0,600068
3239,2011-02-23,12.279,12.175,12.419,11.931,682581.0,600068
3240,2011-02-24,12.027,12.21,12.34,11.975,417939.0,600068
3241,2011-02-25,12.218,12.245,12.323,11.992,384357.0,600068
3242,2011-02-28,12.245,12.593,12.802,12.175,610986.0,600068
3243,2011-03-01,12.61,12.436,12.628,12.279,556058.0,600068
3244,2011-03-02,12.323,11.879,12.323,11.539,1404250.0,600068
3245,2011-03-03,11.705,11.47,11.8,11.409,1049249.0,600068
3246,2011-03-04,11.478,11.591,11.618,11.374,567256.0,600068
3247,2011-03-07,11.757,11.713,11.757,11.443,893658.0,600068
3248,2011-03-08,11.67,11.652,11.74,11.496,502873.0,600068
3249,2011-03-09,11.757,12.088,12.271,11.722,1044031.0,600068
3250,2011-03-10,12.097,11.818,12.097,11.757,540263.0,600068
3251,2011-03-11,11.722,11.583,11.774,11.504,485742.0,600068
3252,2011-03-14,11.504,11.321,11.557,11.217,492381.0,600068
3253,2011-03-15,11.261,11.078,11.261,10.599,810482.0,600068
3254,2011-03-16,11.078,11.208,11.217,10.895,450371.0,600068
3255,2011-03-17,11.139,11.487,11.861,11.017,1015928.0,600068
3256,2011-03-18,11.609,11.574,11.67,11.435,384579.0,600068
3257,2011-03-21,11.496,11.4,11.774,11.304,454973.0,600068
3258,2011-03-22,11.452,11.147,11.548,11.043,370307.0,600068
3259,2011-03-23,11.095,11.217,11.278,10.886,518418.0,600068
3260,2011-03-24,11.217,10.895,11.234,10.886,576559.0,600068
3261,2011-03-25,10.799,10.903,11.008,10.773,569887.0,600068
3262,2011-03-28,10.729,10.607,10.895,10.538,969670.0,600068
3263,2011-03-29,10.668,10.712,11.025,10.398,823580.0,600068
3264,2011-03-30,10.625,10.442,10.668,10.364,495337.0,600068
3265,2011-03-31,10.398,10.215,10.52,10.155,365860.0,600068
3266,2011-04-01,10.276,10.346,10.407,10.181,282685.0,600068
3267,2011-04-06,10.32,10.607,10.668,10.276,528200.0,600068
3268,2011-04-07,10.625,10.633,10.721,10.451,382340.0,600068
3269,2011-04-08,10.642,10.747,10.79,10.538,368511.0,600068
3270,2011-04-11,10.764,10.512,10.799,10.494,459405.0,600068
3271,2011-04-12,10.451,10.364,10.607,10.285,465173.0,600068
3272,2011-04-13,10.329,10.477,10.485,10.215,307406.0,600068
3273,2011-04-14,10.477,10.381,10.485,10.346,257401.0,600068
3274,2011-04-15,10.364,10.372,10.424,10.224,254984.0,600068
3275,2011-04-18,10.337,10.39,10.433,10.303,248331.0,600068
3276,2011-04-20,10.964,11.426,11.426,10.93,1279232.0,600068
3277,2011-04-21,12.367,11.609,12.367,11.504,2390786.0,600068
3278,2011-04-22,11.348,10.991,11.426,10.799,1117631.0,600068
3279,2011-04-25,10.921,10.538,10.93,10.477,607326.0,600068
3280,2011-04-26,10.503,10.564,10.782,10.459,393932.0,600068
3281,2011-04-28,10.564,10.041,10.642,10.015,522759.0,600068
3282,2011-04-29,10.059,10.137,10.163,9.867,305784.0,600068
3283,2011-05-03,10.146,10.146,10.181,9.885,294157.0,600068
3284,2011-05-04,10.111,9.693,10.111,9.658,387561.0,600068
3285,2011-05-05,9.693,9.667,9.902,9.632,325757.0,600068
3286,2011-05-06,9.667,9.832,9.911,9.641,337218.0,600068
3287,2011-05-09,9.832,9.989,10.137,9.763,363769.0,600068
3288,2011-05-10,9.998,10.006,10.033,9.824,269157.0,600068
3289,2011-05-11,10.006,9.832,10.006,9.797,309169.0,600068
3290,2011-05-12,9.736,9.684,9.797,9.667,221101.0,600068
3291,2011-05-13,9.71,9.728,9.763,9.554,228123.0,600068
3292,2011-05-16,9.728,9.615,9.789,9.58,242488.0,600068
3293,2011-05-17,9.623,9.684,9.719,9.475,273125.0,600068
3294,2011-05-18,9.649,9.893,9.928,9.58,347364.0,600068
3295,2011-05-19,9.876,9.693,9.885,9.667,224645.0,600068
3296,2011-05-20,9.667,9.676,9.702,9.606,116861.0,600068
3297,2011-05-23,9.623,9.745,10.233,9.606,726606.0,600068
3298,2011-05-24,9.78,9.98,10.102,9.754,559770.0,600068
3299,2011-05-25,10.059,9.824,10.12,9.78,422501.0,600068
3300,2011-05-26,9.876,9.501,9.972,9.484,330115.0,600068
3301,2011-05-27,9.449,8.953,9.493,8.822,390893.0,600068
3302,2011-05-30,8.935,9.179,9.406,8.779,361962.0,600068
3303,2011-05-31,9.231,9.136,9.231,8.892,258133.0,600068
3304,2011-06-01,9.057,9.083,9.275,9.022,249771.0,600068
3305,2011-06-02,8.961,8.822,8.961,8.726,273235.0,600068
3306,2011-06-03,8.822,8.927,8.953,8.805,165923.0,600068
3307,2011-06-07,8.927,8.961,8.961,8.822,183032.0,600068
3308,2011-06-08,8.961,9.092,9.153,8.883,287075.0,600068
3309,2011-06-09,9.145,8.899,9.145,8.89,179139.0,600068
3310,2011-06-10,8.881,8.82,8.899,8.661,206303.0,600068
3311,2011-06-13,8.767,8.846,8.881,8.644,130071.0,600068
3312,2011-06-14,8.846,9.154,9.321,8.802,430380.0,600068
3313,2011-06-15,9.083,9.224,9.435,9.057,387950.0,600068
3314,2011-06-16,9.11,9.022,9.294,9.013,170723.0,600068
3315,2011-06-17,9.057,9.145,9.338,9.022,321813.0,600068
3316,2011-06-20,9.145,9.435,9.453,9.119,454691.0,600068
3317,2011-06-22,9.506,9.418,9.629,9.374,343995.0,600068
3318,2011-06-23,9.418,9.506,9.585,9.171,336903.0,600068
3319,2011-06-24,9.488,10.253,10.455,9.418,1659994.0,600068
3320,2011-06-27,10.156,10.314,10.455,10.077,756643.0,600068
3321,2011-06-28,10.288,10.534,10.693,10.103,891569.0,600068
3322,2011-06-29,10.438,10.358,10.842,10.35,890800.0,600068
3323,2011-06-30,10.306,10.543,10.64,10.288,438432.0,600068
3324,2011-07-01,10.649,10.429,10.763,10.394,481985.0,600068
3325,2011-07-04,10.499,10.833,10.851,10.499,726216.0,600068
3326,2011-07-05,10.842,10.754,10.948,10.596,501300.0,600068
3327,2011-07-06,10.693,10.772,10.842,10.552,377525.0,600068
3328,2011-07-07,10.772,10.693,11.299,10.657,934157.0,600068
3329,2011-07-08,10.64,10.35,10.772,10.297,578682.0,600068
3330,2011-07-11,10.824,10.552,10.974,10.464,1200363.0,600068
3331,2011-07-12,10.429,10.816,11.247,10.227,1281395.0,600068
3332,2011-07-13,10.754,10.816,10.842,10.64,648341.0,600068
3333,2011-07-14,10.798,10.622,10.798,10.429,990412.0,600068
3334,2011-07-15,10.517,10.446,10.569,10.385,548357.0,600068
3335,2011-07-18,10.446,10.35,10.508,10.288,456511.0,600068
3336,2011-07-19,10.271,10.271,10.455,10.244,354934.0,600068
3337,2011-07-20,10.385,10.235,10.42,10.147,312504.0,600068
3338,2011-07-21,10.235,10.235,10.314,10.156,269605.0,600068
3339,2011-07-22,10.253,10.262,10.35,10.2,236578.0,600068
3340,2011-07-25,10.235,9.699,10.235,9.637,425124.0,600068
3341,2011-07-26,9.699,9.593,9.796,9.497,259503.0,600068
3342,2011-07-27,9.532,9.655,9.717,9.382,290011.0,600068
3343,2011-07-28,9.497,9.462,9.541,9.382,261261.0,600068
3344,2011-07-29,9.576,9.479,9.804,9.453,350910.0,600068
3345,2011-08-01,9.479,9.4,9.488,9.259,157434.0,600068
3346,2011-08-03,9.453,9.418,9.576,9.294,260986.0,600068
3347,2011-08-04,9.418,9.567,9.62,9.409,277170.0,600068
3348,2011-08-05,9.233,9.33,9.426,8.881,287506.0,600068
3349,2011-08-08,9.145,8.723,9.233,8.468,418939.0,600068
3350,2011-08-09,8.424,8.565,8.679,8.187,323270.0,600068
3351,2011-08-10,8.793,8.688,8.864,8.617,264292.0,600068
3352,2011-08-11,8.442,8.732,8.784,8.389,270565.0,600068
3353,2011-08-12,8.846,8.732,8.872,8.661,309415.0,600068
3354,2011-08-15,8.723,8.811,8.837,8.705,192743.0,600068
3355,2011-08-16,8.837,8.828,8.916,8.758,215588.0,600068
3356,2011-08-17,8.758,8.767,8.899,8.749,142261.0,600068
3357,2011-08-18,8.793,8.582,8.828,8.573,198917.0,600068
3358,2011-08-19,8.442,8.38,8.494,8.274,221185.0,600068
3359,2011-08-22,8.38,8.274,8.477,8.204,182232.0,600068
3360,2011-08-23,8.345,8.415,8.424,8.257,130709.0,600068
3361,2011-08-24,8.442,8.494,8.758,8.442,292182.0,600068
3362,2011-08-25,8.547,8.697,8.705,8.45,249634.0,600068
3363,2011-08-26,8.67,8.74,8.776,8.635,231262.0,600068
3364,2011-08-29,8.732,8.573,8.732,8.547,174386.0,600068
3365,2011-08-30,8.679,8.512,8.749,8.485,164919.0,600068
3366,2011-08-31,8.6,8.573,8.617,8.485,118720.0,600068
3367,2011-09-01,8.6,8.424,8.635,8.389,185663.0,600068
3368,2011-09-02,8.398,8.248,8.406,8.239,181118.0,600068
3369,2011-09-05,8.178,7.905,8.178,7.896,217077.0,600068
3370,2011-09-06,7.905,7.685,7.905,7.659,209214.0,600068
3371,2011-09-07,7.703,7.861,7.879,7.703,164923.0,600068
3372,2011-09-08,7.905,7.756,7.94,7.747,118157.0,600068
3373,2011-09-09,7.844,7.773,7.87,7.712,104660.0,600068
3374,2011-09-13,7.703,7.756,7.888,7.659,153659.0,600068
3375,2011-09-14,7.791,7.773,7.808,7.589,174558.0,600068
3376,2011-09-15,7.791,7.8,7.861,7.747,145368.0,600068
3377,2011-09-16,7.826,7.773,7.852,7.756,99535.0,600068
3378,2011-09-19,7.738,7.439,7.756,7.404,199473.0,600068
3379,2011-09-20,7.422,7.448,7.562,7.334,139686.0,600068
3380,2011-09-21,7.448,7.729,7.756,7.36,305644.0,600068
3381,2011-09-22,7.624,7.465,7.729,7.457,183600.0,600068
3382,2011-09-23,7.36,7.597,7.694,7.298,239893.0,600068
3383,2011-09-26,7.501,7.465,7.597,7.448,150892.0,600068
3384,2011-09-27,7.545,7.474,7.571,7.395,117749.0,600068
3385,2011-09-28,7.562,7.263,7.571,7.193,176214.0,600068
3386,2011-09-29,7.193,7.096,7.237,7.07,158838.0,600068
3387,2011-09-30,7.167,7.043,7.184,7.008,120777.0,600068
3388,2011-10-10,7.061,7.052,7.123,7.035,86012.0,600068
3389,2011-10-11,7.202,7.175,7.307,7.07,176130.0,600068
3390,2011-10-12,7.14,7.615,7.677,7.07,345276.0,600068
3391,2011-10-13,7.677,7.852,8.011,7.677,522481.0,600068
3392,2011-10-14,7.817,7.914,8.055,7.773,295703.0,600068
3393,2011-10-17,7.914,7.844,8.002,7.782,227648.0,600068
3394,2011-10-18,7.8,7.545,7.896,7.501,317093.0,600068
3395,2011-10-19,7.518,7.378,7.597,7.342,181718.0,600068
3396,2011-10-20,7.307,7.123,7.325,7.061,185550.0,600068
3397,2011-10-21,7.175,7.096,7.193,7.07,114449.0,600068
3398,2011-10-24,7.123,7.254,7.254,7.017,187836.0,600068
3399,2011-10-25,7.237,7.606,7.624,7.175,316317.0,600068
3400,2011-10-26,7.483,7.738,7.914,7.457,437147.0,600068
3401,2011-10-27,7.729,7.668,7.914,7.606,291181.0,600068
3402,2011-10-28,7.782,7.879,7.914,7.729,326122.0,600068
3403,2011-10-31,7.835,8.099,8.143,7.782,472316.0,600068
3404,2011-11-01,8.028,8.072,8.327,7.967,485054.0,600068
3405,2011-11-02,7.888,8.213,8.292,7.844,335794.0,600068
3406,2011-11-03,8.354,8.195,8.661,8.187,651668.0,600068
3407,2011-11-04,8.239,8.398,8.415,8.151,421867.0,600068
3408,2011-11-07,8.354,8.266,8.617,8.248,354895.0,600068
3409,2011-11-08,8.301,8.23,8.38,8.187,244105.0,600068
3410,2011-11-09,8.283,8.266,8.354,8.063,215832.0,600068
3411,2011-11-10,8.178,8.055,8.266,8.046,258822.0,600068
3412,2011-11-11,8.072,8.019,8.134,7.905,192696.0,600068
3413,2011-11-14,8.134,8.178,8.239,8.072,185336.0,600068
3414,2011-11-15,8.16,8.23,8.31,8.143,168359.0,600068
3415,2011-11-17,7.993,7.958,8.169,7.923,218827.0,600068
3416,2011-11-18,7.914,7.633,8.037,7.606,202080.0,600068
3417,2011-11-21,7.65,7.738,7.773,7.562,113523.0,600068
3418,2011-11-22,7.641,7.72,7.764,7.606,90233.0,600068
3419,2011-11-23,7.72,7.58,7.782,7.562,120733.0,600068
3420,2011-11-24,7.483,7.501,7.562,7.404,108267.0,600068
3421,2011-11-25,7.492,7.465,7.553,7.386,101578.0,600068
3422,2011-11-28,7.509,7.606,7.729,7.509,260171.0,600068
3423,2011-11-29,7.703,7.677,7.729,7.615,178208.0,600068
3424,2011-11-30,7.65,7.43,7.747,7.369,216696.0,600068
3425,2011-12-01,7.659,7.641,7.764,7.589,207129.0,600068
3426,2011-12-02,7.597,7.501,7.624,7.448,91356.0,600068
3427,2011-12-05,7.536,7.21,7.553,7.149,155109.0,600068
3428,2011-12-06,7.193,7.21,7.272,7.131,79028.0,600068
3429,2011-12-07,7.254,7.167,7.254,7.114,72294.0,600068
3430,2011-12-08,7.184,7.219,7.342,7.096,109988.0,600068
3431,2011-12-09,7.158,7.202,7.263,7.131,69711.0,600068
3432,2011-12-12,7.21,7.202,7.325,7.184,111442.0,600068
3433,2011-12-13,7.21,7.149,7.254,7.096,96926.0,600068
3434,2011-12-14,6.929,6.674,6.929,6.621,139960.0,600068
3435,2011-12-15,6.665,6.472,6.665,6.437,93089.0,600068
3436,2011-12-16,6.437,6.613,6.639,6.41,181489.0,600068
3437,2011-12-19,6.613,6.507,6.613,6.314,161972.0,600068
3438,2011-12-20,6.507,6.472,6.595,6.445,95388.0,600068
3439,2011-12-21,6.525,6.366,6.613,6.322,131381.0,600068
3440,2011-12-22,6.393,6.419,6.516,6.173,147209.0,600068
3441,2011-12-23,6.445,6.551,6.577,6.375,121466.0,600068
3442,2011-12-26,6.481,6.621,6.7,6.445,168238.0,600068
3443,2011-12-27,6.604,6.516,6.683,6.489,116796.0,600068
3444,2011-12-28,6.507,6.613,6.621,6.445,117880.0,600068
3445,2011-12-29,6.613,6.7,6.709,6.551,123308.0,600068
3446,2011-12-30,6.709,6.771,6.788,6.657,136137.0,600068
3447,2012-01-04,6.815,6.736,6.903,6.7,176201.0,600068
3448,2012-01-05,6.639,6.428,6.753,6.41,215842.0,600068
3449,2012-01-06,6.445,6.454,6.498,6.314,113948.0,600068
3450,2012-01-09,6.507,6.648,6.657,6.41,224524.0,600068
3451,2012-01-10,6.683,6.929,6.973,6.63,362659.0,600068
3452,2012-01-11,6.938,6.92,6.999,6.841,226375.0,600068
3453,2012-01-12,6.912,6.938,7.096,6.894,226428.0,600068
3454,2012-01-13,6.894,6.665,6.964,6.595,209532.0,600068
3455,2012-01-16,6.613,6.419,6.621,6.402,159639.0,600068
3456,2012-01-17,6.358,6.859,6.868,6.358,225902.0,600068
3457,2012-01-18,6.868,6.788,6.92,6.753,167191.0,600068
3458,2012-01-19,6.771,6.947,6.982,6.736,203844.0,600068
3459,2012-01-20,6.973,7.149,7.202,6.973,289488.0,600068
3460,2012-01-30,7.167,7.008,7.167,6.999,145536.0,600068
3461,2012-01-31,7.008,6.991,7.149,6.938,161567.0,600068
3462,2012-02-01,6.991,7.07,7.131,6.903,259621.0,600068
3463,2012-02-02,7.079,7.149,7.158,6.999,213864.0,600068
3464,2012-02-03,7.14,7.158,7.202,7.07,177992.0,600068
3465,2012-02-06,7.175,7.131,7.193,7.096,149281.0,600068
3466,2012-02-07,7.096,6.912,7.105,6.859,151719.0,600068
3467,2012-02-08,6.894,7.043,7.07,6.894,161761.0,600068
3468,2012-02-09,7.043,7.07,7.096,7.017,212753.0,600068
3469,2012-02-10,7.07,7.123,7.175,7.035,221539.0,600068
3470,2012-02-13,7.096,7.158,7.219,7.043,314279.0,600068
3471,2012-02-14,7.167,7.123,7.193,7.061,156063.0,600068
3472,2012-02-15,7.105,7.193,7.202,7.052,254475.0,600068
3473,2012-02-16,7.184,7.114,7.202,7.061,294451.0,600068
3474,2012-02-17,7.158,7.043,7.167,6.999,411496.0,600068
3475,2012-02-20,7.105,7.008,7.14,6.999,294866.0,600068
3476,2012-02-21,7.008,7.035,7.043,6.929,194430.0,600068
3477,2012-02-22,7.026,7.14,7.149,7.017,337952.0,600068
3478,2012-02-23,7.131,7.175,7.184,7.096,336221.0,600068
3479,2012-02-24,7.175,7.254,7.254,7.149,503195.0,600068
3480,2012-02-27,7.281,7.316,7.448,7.237,693798.0,600068
3481,2012-02-28,7.298,7.65,7.685,7.254,984827.0,600068
3482,2012-02-29,7.624,7.43,7.624,7.395,483499.0,600068
3483,2012-03-01,7.395,7.439,7.527,7.369,227295.0,600068
3484,2012-03-02,7.589,7.536,7.694,7.413,678444.0,600068
3485,2012-03-05,7.527,7.483,7.597,7.457,358535.0,600068
3486,2012-03-06,7.448,7.351,7.457,7.307,269988.0,600068
3487,2012-03-07,7.263,7.307,7.404,7.263,214306.0,600068
3488,2012-03-08,7.307,7.404,7.509,7.29,280914.0,600068
3489,2012-03-09,7.413,7.474,7.483,7.342,252834.0,600068
3490,2012-03-12,7.483,7.413,7.492,7.369,239584.0,600068
3491,2012-03-13,7.413,7.422,7.457,7.386,189753.0,600068
3492,2012-03-14,7.457,7.079,7.492,6.982,501786.0,600068
3493,2012-03-15,7.07,6.999,7.175,6.868,336200.0,600068
3494,2012-03-16,7.017,7.07,7.079,6.885,252349.0,600068
3495,2012-03-19,7.061,7.263,7.316,6.982,421259.0,600068
3496,2012-03-20,7.202,7.061,7.237,7.043,244401.0,600068
3497,2012-03-21,7.096,7.149,7.202,7.035,228635.0,600068
3498,2012-03-22,7.158,7.202,7.298,7.043,457764.0,600068
3499,2012-03-23,7.158,7.079,7.158,7.043,177040.0,600068
3500,2012-03-26,7.052,6.912,7.079,6.832,212083.0,600068
3501,2012-03-27,6.929,6.797,6.982,6.753,227130.0,600068
3502,2012-03-28,6.788,6.498,6.788,6.463,237810.0,600068
3503,2012-03-29,6.489,6.252,6.56,6.173,413099.0,600068
3504,2012-03-30,6.27,6.296,6.314,6.217,182942.0,600068
3505,2012-04-05,6.314,6.41,6.419,6.287,228442.0,600068
3506,2012-04-06,6.41,6.41,6.472,6.375,175915.0,600068
3507,2012-04-09,6.402,6.314,6.445,6.287,132862.0,600068
3508,2012-04-10,6.287,6.402,6.41,6.27,167565.0,600068
3509,2012-04-11,6.349,6.393,6.41,6.314,140936.0,600068
3510,2012-04-12,6.41,6.481,6.489,6.366,260529.0,600068
3511,2012-04-13,6.498,6.56,6.665,6.498,337608.0,600068
3512,2012-04-16,6.604,6.665,6.736,6.604,346433.0,600068
3513,2012-04-17,6.665,6.542,6.7,6.525,183761.0,600068
3514,2012-04-18,6.586,6.683,6.709,6.498,265783.0,600068
3515,2012-04-19,6.683,6.7,6.771,6.674,214915.0,600068
3516,2012-04-20,6.683,6.718,6.744,6.657,199094.0,600068
3517,2012-04-23,6.718,6.718,6.824,6.665,244353.0,600068
3518,2012-04-24,6.674,6.569,6.736,6.419,232044.0,600068
3519,2012-04-25,6.586,6.665,6.727,6.507,266053.0,600068
3520,2012-04-26,6.674,6.665,6.806,6.639,226943.0,600068
3521,2012-05-02,6.797,6.753,6.797,6.665,321833.0,600068
3522,2012-05-03,6.736,6.824,6.894,6.692,311266.0,600068
3523,2012-05-04,6.832,6.824,6.859,6.762,205947.0,600068
3524,2012-05-07,6.771,6.868,6.885,6.753,334239.0,600068
3525,2012-05-08,6.859,6.859,6.903,6.806,218850.0,600068
3526,2012-05-09,6.824,6.674,6.824,6.665,180101.0,600068
3527,2012-05-10,6.674,6.63,6.7,6.604,136074.0,600068
3528,2012-05-11,6.63,6.489,6.7,6.472,231241.0,600068
3529,2012-05-14,6.577,6.437,6.577,6.419,242773.0,600068
3530,2012-05-15,6.366,6.384,6.402,6.331,184547.0,600068
3531,2012-05-16,6.384,6.27,6.393,6.252,197076.0,600068
3532,2012-05-17,6.27,6.34,6.358,6.226,200741.0,600068
3533,2012-05-18,6.296,6.252,6.305,6.217,158831.0,600068
3534,2012-05-21,6.252,6.261,6.34,6.199,190646.0,600068
3535,2012-05-22,6.296,6.322,6.322,6.261,192476.0,600068
3536,2012-05-23,6.322,6.41,6.419,6.305,271098.0,600068
3537,2012-05-24,6.384,6.34,6.445,6.314,188304.0,600068
3538,2012-05-25,6.331,6.314,6.358,6.252,141173.0,600068
3539,2012-05-28,6.287,6.665,6.674,6.243,575064.0,600068
3540,2012-05-29,6.727,6.744,6.815,6.648,723821.0,600068
3541,2012-05-30,6.727,6.683,6.753,6.63,319817.0,600068
3542,2012-05-31,6.621,6.569,6.665,6.542,245174.0,600068
3543,2012-06-01,6.569,6.542,6.639,6.525,179827.0,600068
3544,2012-06-04,6.463,6.314,6.463,6.296,196369.0,600068
3545,2012-06-05,6.331,6.322,6.366,6.296,123115.0,600068
3546,2012-06-06,6.349,6.305,6.366,6.27,118956.0,600068
3547,2012-06-07,6.366,6.234,6.384,6.19,207879.0,600068
3548,2012-06-08,6.287,6.226,6.296,6.199,195651.0,600068
3549,2012-06-11,6.243,6.296,6.331,6.217,138337.0,600068
3550,2012-06-12,6.27,6.252,6.287,6.208,126763.0,600068
3551,2012-06-13,6.27,6.322,6.331,6.234,150282.0,600068
3552,2012-06-14,6.322,6.278,6.322,6.252,131353.0,600068
3553,2012-06-15,6.306,6.306,6.333,6.225,159873.0,600068
3554,2012-06-18,6.324,6.315,6.386,6.297,194285.0,600068
3555,2012-06-19,6.324,6.261,6.324,6.234,117107.0,600068
3556,2012-06-20,6.288,6.288,6.315,6.261,101441.0,600068
3557,2012-06-21,6.288,6.19,6.306,6.172,152119.0,600068
3558,2012-06-25,6.208,6.038,6.27,6.029,209140.0,600068
3559,2012-06-26,5.994,5.931,6.003,5.78,201636.0,600068
3560,2012-06-27,5.931,5.851,5.94,5.824,113625.0,600068
3561,2012-06-28,5.86,5.78,5.895,5.78,117456.0,600068
3562,2012-06-29,5.753,5.824,5.851,5.735,115533.0,600068
3563,2012-07-02,5.878,5.833,5.904,5.824,116766.0,600068
3564,2012-07-03,5.833,5.833,5.895,5.815,100829.0,600068
3565,2012-07-04,5.833,5.771,5.86,5.735,125390.0,600068
3566,2012-07-05,5.735,5.583,5.735,5.574,152185.0,600068
3567,2012-07-06,5.619,5.601,5.637,5.467,191579.0,600068
3568,2012-07-09,5.574,5.387,5.574,5.369,130514.0,600068
3569,2012-07-10,5.36,5.36,5.405,5.334,125215.0,600068
3570,2012-07-11,5.369,5.423,5.441,5.36,124880.0,600068
3571,2012-07-12,5.423,5.476,5.476,5.351,170986.0,600068
3572,2012-07-13,5.45,5.45,5.53,5.432,119099.0,600068
3573,2012-07-16,5.467,5.289,5.485,5.28,152668.0,600068
3574,2012-07-17,5.289,5.307,5.325,5.253,104440.0,600068
3575,2012-07-18,5.298,5.369,5.369,5.262,103821.0,600068
3576,2012-07-19,5.36,5.485,5.601,5.343,215510.0,600068
3577,2012-07-20,5.494,5.423,5.521,5.405,115382.0,600068
3578,2012-07-23,5.396,5.423,5.485,5.378,132618.0,600068
3579,2012-07-24,5.396,5.432,5.476,5.369,81679.0,600068
3580,2012-07-25,5.45,5.405,5.45,5.387,68423.0,600068
3581,2012-07-26,5.405,5.36,5.432,5.351,74106.0,600068
3582,2012-07-27,5.369,5.343,5.387,5.316,78451.0,600068
3583,2012-07-30,5.316,5.307,5.369,5.28,71910.0,600068
3584,2012-07-31,5.307,5.057,5.343,5.004,172469.0,600068
3585,2012-08-01,5.039,5.155,5.209,5.013,131738.0,600068
3586,2012-08-02,5.155,5.093,5.182,5.084,75999.0,600068
3587,2012-08-03,5.102,5.173,5.191,5.084,82042.0,600068
3588,2012-08-06,5.164,5.298,5.298,5.146,132057.0,600068
3589,2012-08-07,5.343,5.289,5.343,5.253,122732.0,600068
3590,2012-08-08,5.298,5.253,5.307,5.235,84572.0,600068
3591,2012-08-09,5.253,5.28,5.289,5.173,128414.0,600068
3592,2012-08-10,5.271,5.262,5.307,5.244,104082.0,600068
3593,2012-08-13,5.227,5.173,5.289,5.173,117856.0,600068
3594,2012-08-14,5.173,5.173,5.191,5.084,85310.0,600068
3595,2012-08-15,5.173,5.084,5.173,5.075,78718.0,600068
3596,2012-08-16,5.066,5.048,5.111,5.03,69372.0,600068
3597,2012-08-17,5.048,5.075,5.093,5.03,69838.0,600068
3598,2012-08-20,5.039,5.048,5.084,4.995,63997.0,600068
3599,2012-08-21,5.048,5.075,5.111,5.021,119880.0,600068
3600,2012-08-22,5.084,5.013,5.093,4.986,98749.0,600068
3601,2012-08-23,5.013,5.004,5.057,4.977,91387.0,600068
3602,2012-08-24,4.995,4.914,4.995,4.905,87053.0,600068
3603,2012-08-27,4.905,4.736,4.905,4.727,113461.0,600068
3604,2012-08-28,4.709,4.763,4.816,4.691,91985.0,600068
3605,2012-08-29,4.763,4.888,4.95,4.7,183078.0,600068
3606,2012-08-30,4.861,4.745,4.861,4.709,136229.0,600068
3607,2012-08-31,4.718,4.683,4.79,4.683,118885.0,600068
3608,2012-09-03,4.665,4.727,4.79,4.647,152721.0,600068
3609,2012-09-04,4.718,4.602,4.736,4.593,144224.0,600068
3610,2012-09-05,4.575,4.558,4.611,4.522,116809.0,600068
3611,2012-09-06,4.567,4.602,4.62,4.567,89861.0,600068
3612,2012-09-07,4.638,4.95,5.039,4.638,480730.0,600068
3613,2012-09-10,4.914,5.03,5.137,4.897,371323.0,600068
3614,2012-09-11,4.995,4.932,5.004,4.87,228064.0,600068
3615,2012-09-12,4.95,4.959,4.986,4.905,162745.0,600068
3616,2012-09-13,4.941,4.825,4.941,4.825,143504.0,600068
3617,2012-09-14,4.87,4.861,4.897,4.781,140698.0,600068
3618,2012-09-17,4.87,4.683,4.87,4.674,152966.0,600068
3619,2012-09-18,4.647,4.647,4.718,4.629,102452.0,600068
3620,2012-09-19,4.647,4.638,4.683,4.611,97757.0,600068
3621,2012-09-20,4.638,4.495,4.638,4.486,141038.0,600068
3622,2012-09-21,4.495,4.504,4.549,4.468,98347.0,600068
3623,2012-09-24,4.477,4.46,4.513,4.37,165216.0,600068
3624,2012-09-25,4.424,4.406,4.468,4.388,104863.0,600068
3625,2012-09-26,4.397,4.308,4.415,4.299,93062.0,600068
3626,2012-09-27,4.29,4.442,4.495,4.29,182425.0,600068
3627,2012-09-28,4.424,4.593,4.62,4.388,251319.0,600068
3628,2012-10-08,4.584,4.54,4.611,4.513,115215.0,600068
3629,2012-10-09,4.54,4.736,4.834,4.54,310112.0,600068
3630,2012-10-10,4.727,4.709,4.745,4.665,142977.0,600068
3631,2012-10-11,4.709,4.683,4.798,4.656,148618.0,600068
3632,2012-10-12,4.7,4.638,4.736,4.602,129604.0,600068
3633,2012-10-15,4.638,4.638,4.647,4.567,108898.0,600068
3634,2012-10-16,4.629,4.691,4.718,4.602,146997.0,600068
3635,2012-10-17,4.709,4.665,4.718,4.629,94844.0,600068
3636,2012-10-18,4.691,4.736,4.745,4.674,157640.0,600068
3637,2012-10-19,4.727,4.718,4.736,4.7,83216.0,600068
3638,2012-10-22,4.683,4.7,4.709,4.656,86126.0,600068
3639,2012-10-23,4.691,4.656,4.745,4.647,109833.0,600068
3640,2012-10-24,4.638,4.709,4.79,4.611,229461.0,600068
3641,2012-10-25,4.683,4.691,4.763,4.683,135879.0,600068
3642,2012-10-26,4.683,4.54,4.683,4.513,168095.0,600068
3643,2012-10-29,4.513,4.522,4.558,4.495,63146.0,600068
3644,2012-10-30,4.531,4.513,4.575,4.495,91726.0,600068
3645,2012-10-31,4.54,4.522,4.558,4.451,129550.0,600068
3646,2012-11-01,4.54,4.647,4.683,4.531,258057.0,600068
3647,2012-11-02,4.674,4.674,4.683,4.62,142174.0,600068
3648,2012-11-05,4.665,4.656,4.691,4.62,130279.0,600068
3649,2012-11-06,4.683,4.611,4.683,4.549,157959.0,600068
3650,2012-11-07,4.611,4.549,4.611,4.531,162519.0,600068
3651,2012-11-08,4.504,4.442,4.522,4.442,125255.0,600068
3652,2012-11-09,4.424,4.46,4.468,4.415,97117.0,600068
3653,2012-11-12,4.46,4.504,4.513,4.451,100901.0,600068
3654,2012-11-13,4.513,4.415,4.513,4.406,79796.0,600068
3655,2012-11-14,4.415,4.397,4.433,4.361,113590.0,600068
3656,2012-11-15,4.37,4.344,4.415,4.335,87185.0,600068
3657,2012-11-16,4.317,4.335,4.361,4.299,87318.0,600068
3658,2012-11-19,4.335,4.37,4.388,4.299,66547.0,600068
3659,2012-11-20,4.424,4.415,4.504,4.415,157930.0,600068
3660,2012-11-21,4.397,4.442,4.477,4.344,101406.0,600068
3661,2012-11-22,4.424,4.353,4.424,4.344,64052.0,600068
3662,2012-11-23,4.379,4.424,4.486,4.353,135251.0,600068
3663,2012-11-26,4.424,4.37,4.433,4.37,76369.0,600068
3664,2012-11-27,4.353,4.272,4.379,4.245,119702.0,600068
3665,2012-11-28,4.263,4.192,4.281,4.174,75104.0,600068
3666,2012-11-29,4.21,4.183,4.245,4.174,70306.0,600068
3667,2012-11-30,4.183,4.228,4.254,4.174,71364.0,600068
3668,2012-12-03,4.237,4.228,4.281,4.192,86582.0,600068
3669,2012-12-04,4.219,4.29,4.308,4.201,143461.0,600068
3670,2012-12-05,4.299,4.442,4.477,4.272,270351.0,600068
3671,2012-12-06,4.46,4.406,4.468,4.388,127756.0,600068
3672,2012-12-07,4.397,4.549,4.575,4.397,357288.0,600068
3673,2012-12-10,4.575,4.593,4.656,4.531,351878.0,600068
3674,2012-12-11,4.593,4.531,4.593,4.531,189721.0,600068
3675,2012-12-12,4.531,4.522,4.567,4.486,145812.0,600068
3676,2012-12-13,4.504,4.46,4.531,4.46,135999.0,600068
3677,2012-12-14,4.46,4.727,4.736,4.46,569602.0,600068
3678,2012-12-17,4.727,4.754,4.807,4.7,562732.0,600068
3679,2012-12-18,4.754,4.825,4.905,4.683,596893.0,600068
3680,2012-12-19,4.807,4.798,4.861,4.772,281857.0,600068
3681,2012-12-20,4.79,4.816,4.834,4.736,267351.0,600068
3682,2012-12-21,4.834,4.807,4.932,4.781,305163.0,600068
3683,2012-12-24,4.807,4.763,4.843,4.718,216472.0,600068
3684,2012-12-25,4.781,4.897,4.923,4.727,499362.0,600068
3685,2012-12-26,4.888,4.941,4.968,4.843,513347.0,600068
3686,2012-12-27,4.932,4.861,4.986,4.852,324905.0,600068
3687,2012-12-28,4.861,4.879,4.905,4.834,258281.0,600068
3688,2012-12-31,4.897,4.897,4.95,4.87,373189.0,600068
3689,2013-01-04,4.95,5.084,5.102,4.852,731868.0,600068
3690,2013-01-07,5.048,5.075,5.128,5.013,372836.0,600068
3691,2013-01-08,5.093,5.066,5.102,5.013,313273.0,600068
3692,2013-01-09,5.057,5.021,5.084,4.995,294550.0,600068
3693,2013-01-10,5.013,5.03,5.048,4.977,281100.0,600068
3694,2013-01-11,5.03,4.834,5.039,4.772,463591.0,600068
3695,2013-01-14,4.79,4.959,4.977,4.781,459324.0,600068
3696,2013-01-15,4.95,5.039,5.057,4.914,499018.0,600068
3697,2013-01-16,5.039,5.021,5.12,4.932,450761.0,600068
3698,2013-01-17,5.004,4.941,5.021,4.923,264836.0,600068
3699,2013-01-18,4.977,5.057,5.093,4.914,441337.0,600068
3700,2013-01-21,5.075,5.164,5.164,5.021,649014.0,600068
3701,2013-01-22,5.146,5.048,5.155,4.986,442892.0,600068
3702,2013-01-23,5.03,5.013,5.057,4.941,269892.0,600068
3703,2013-01-24,4.995,4.923,5.102,4.888,390372.0,600068
3704,2013-01-25,4.932,4.914,4.95,4.87,174943.0,600068
3705,2013-01-28,4.914,5.021,5.03,4.914,248552.0,600068
3706,2013-01-29,5.021,5.057,5.075,5.004,310354.0,600068
3707,2013-01-30,5.066,5.111,5.146,4.986,524495.0,600068
3708,2013-01-31,5.12,5.182,5.209,5.057,456899.0,600068
3709,2013-02-01,5.173,5.155,5.182,5.093,384869.0,600068
3710,2013-02-04,5.164,5.173,5.244,5.146,392504.0,600068
3711,2013-02-05,5.146,5.316,5.36,5.084,589473.0,600068
3712,2013-02-06,5.351,5.28,5.36,5.253,298116.0,600068
3713,2013-02-07,5.271,5.271,5.316,5.244,259529.0,600068
3714,2013-02-08,5.262,5.262,5.325,5.244,268176.0,600068
3715,2013-02-18,5.307,5.253,5.325,5.227,252943.0,600068
3716,2013-02-19,5.28,5.128,5.289,5.111,286819.0,600068
3717,2013-02-20,5.128,5.164,5.182,5.12,227913.0,600068
3718,2013-02-21,5.137,4.941,5.146,4.905,546551.0,600068
3719,2013-02-22,4.95,4.923,4.968,4.914,174830.0,600068
3720,2013-02-25,4.923,4.932,4.977,4.914,170233.0,600068
3721,2013-02-26,4.905,4.816,4.932,4.807,258778.0,600068
3722,2013-02-27,4.825,4.834,4.879,4.79,160825.0,600068
3723,2013-02-28,4.861,4.941,4.941,4.834,216140.0,600068
3724,2013-03-01,4.941,4.959,4.977,4.897,213715.0,600068
3725,2013-03-04,4.914,4.79,4.914,4.745,313068.0,600068
3726,2013-03-05,4.79,4.852,4.87,4.754,201174.0,600068
3727,2013-03-06,4.87,4.888,4.905,4.825,289628.0,600068
3728,2013-03-07,4.861,4.816,4.87,4.79,230086.0,600068
3729,2013-03-08,4.825,4.754,4.843,4.727,217838.0,600068
3730,2013-03-11,4.745,4.691,4.745,4.683,157470.0,600068
3731,2013-03-12,4.745,4.745,4.843,4.665,340353.0,600068
3732,2013-03-13,4.709,4.638,4.727,4.602,197515.0,600068
3733,2013-03-14,4.593,4.629,4.674,4.593,97413.0,600068
3734,2013-03-15,4.62,4.647,4.727,4.602,178332.0,600068
3735,2013-03-18,4.629,4.575,4.656,4.575,146688.0,600068
3736,2013-03-19,4.611,4.602,4.611,4.522,131006.0,600068
3737,2013-03-20,4.593,4.691,4.7,4.584,221755.0,600068
3738,2013-03-21,4.691,4.772,4.798,4.683,278588.0,600068
3739,2013-03-22,4.763,4.727,4.772,4.7,176536.0,600068
3740,2013-03-25,4.718,4.674,4.754,4.665,167365.0,600068
3741,2013-03-26,4.647,4.584,4.665,4.558,173919.0,600068
3742,2013-03-27,4.584,4.602,4.638,4.567,135121.0,600068
3743,2013-03-28,4.584,4.468,4.584,4.46,212136.0,600068
3744,2013-03-29,4.495,4.504,4.513,4.46,139009.0,600068
3745,2013-04-01,4.504,4.531,4.567,4.495,149917.0,600068
3746,2013-04-02,4.522,4.522,4.575,4.495,102668.0,600068
3747,2013-04-03,4.549,4.495,4.558,4.486,95899.0,600068
3748,2013-04-08,4.442,4.513,4.531,4.397,115462.0,600068
3749,2013-04-09,4.513,4.522,4.549,4.504,103972.0,600068
3750,2013-04-10,4.531,4.558,4.575,4.513,120418.0,600068
3751,2013-04-11,4.593,4.54,4.62,4.522,123108.0,600068
3752,2013-04-12,4.54,4.477,4.54,4.46,115187.0,600068
3753,2013-04-15,4.451,4.468,4.495,4.433,88752.0,600068
3754,2013-04-16,4.442,4.504,4.513,4.424,92852.0,600068
3755,2013-04-17,4.531,4.54,4.567,4.513,151032.0,600068
3756,2013-04-18,4.522,4.522,4.558,4.495,88848.0,600068
3757,2013-04-19,4.522,4.602,4.62,4.522,185028.0,600068
3758,2013-04-22,4.593,4.629,4.7,4.593,206278.0,600068
3759,2013-04-23,4.629,4.495,4.647,4.486,167545.0,600068
3760,2013-04-24,4.504,4.54,4.558,4.477,115775.0,600068
3761,2013-04-25,4.54,4.486,4.558,4.477,109712.0,600068
3762,2013-04-26,4.531,4.46,4.54,4.451,96938.0,600068
3763,2013-05-02,4.451,4.451,4.495,4.424,90937.0,600068
3764,2013-05-03,4.442,4.504,4.531,4.442,120288.0,600068
3765,2013-05-06,4.513,4.549,4.558,4.504,147140.0,600068
3766,2013-05-07,4.531,4.513,4.549,4.486,148420.0,600068
3767,2013-05-08,4.522,4.567,4.593,4.522,187383.0,600068
3768,2013-05-09,4.567,4.522,4.567,4.504,122733.0,600068
3769,2013-05-10,4.522,4.531,4.558,4.504,117347.0,600068
3770,2013-05-13,4.531,4.531,4.549,4.504,93987.0,600068
3771,2013-05-14,4.522,4.468,4.522,4.451,166993.0,600068
3772,2013-05-15,4.46,4.406,4.477,4.37,280669.0,600068
3773,2013-05-16,4.406,4.433,4.442,4.353,230406.0,600068
3774,2013-05-17,4.433,4.495,4.495,4.406,241449.0,600068
3775,2013-05-20,4.495,4.531,4.549,4.495,353330.0,600068
3776,2013-05-21,4.54,4.531,4.54,4.495,233702.0,600068
3777,2013-05-22,4.531,4.522,4.54,4.495,260590.0,600068
3778,2013-05-23,4.504,4.451,4.522,4.442,240583.0,600068
3779,2013-05-24,4.46,4.46,4.495,4.442,163423.0,600068
3780,2013-05-27,4.46,4.46,4.477,4.442,174123.0,600068
3781,2013-05-28,4.46,4.531,4.531,4.442,287049.0,600068
3782,2013-05-29,4.549,4.522,4.558,4.522,279834.0,600068
3783,2013-05-30,4.513,4.486,4.54,4.46,346569.0,600068
3784,2013-05-31,4.504,4.486,4.513,4.46,262021.0,600068
3785,2013-06-03,4.495,4.486,4.522,4.46,248577.0,600068
3786,2013-06-04,4.486,4.424,4.486,4.406,253248.0,600068
3787,2013-06-05,4.415,4.415,4.424,4.388,131666.0,600068
3788,2013-06-06,4.406,4.37,4.415,4.37,138030.0,600068
3789,2013-06-07,4.37,4.29,4.388,4.263,174095.0,600068
3790,2013-06-13,4.272,4.174,4.272,4.147,214379.0,600068
3791,2013-06-14,4.183,4.174,4.219,4.147,192146.0,600068
3792,2013-06-17,4.183,4.156,4.192,4.147,117590.0,600068
3793,2013-06-18,4.165,4.156,4.183,4.112,119181.0,600068
3794,2013-06-19,4.175,4.147,4.175,4.101,101865.0,600068
3795,2013-06-20,4.129,4.019,4.138,4.01,127798.0,600068
3796,2013-06-21,3.982,3.982,4.0,3.918,125764.0,600068
3797,2013-06-24,3.991,3.679,4.0,3.67,225626.0,600068
3798,2013-06-25,3.67,3.633,3.707,3.386,269327.0,600068
3799,2013-06-26,3.643,3.606,3.661,3.523,208118.0,600068
3800,2013-06-27,3.615,3.606,3.707,3.587,206836.0,600068
3801,2013-06-28,3.606,3.615,3.67,3.569,150924.0,600068
3802,2013-07-01,3.633,3.606,3.643,3.56,94134.0,600068
3803,2013-07-02,3.624,3.624,3.633,3.587,104187.0,600068
3804,2013-07-03,3.615,3.569,3.615,3.542,113123.0,600068
3805,2013-07-04,3.542,3.597,3.615,3.505,148982.0,600068
3806,2013-07-05,3.587,3.615,3.633,3.578,127635.0,600068
3807,2013-07-08,3.587,3.422,3.597,3.422,154784.0,600068
3808,2013-07-09,3.422,3.431,3.459,3.395,92158.0,600068
3809,2013-07-10,3.431,3.514,3.514,3.422,108666.0,600068
3810,2013-07-11,3.532,3.716,3.762,3.523,362227.0,600068
3811,2013-07-12,3.688,3.615,3.725,3.606,234405.0,600068
3812,2013-07-15,3.624,3.661,3.688,3.615,180622.0,600068
3813,2013-07-16,3.643,3.661,3.67,3.597,132770.0,600068
3814,2013-07-17,3.643,3.624,3.679,3.615,135428.0,600068
3815,2013-07-18,3.606,3.56,3.643,3.56,143903.0,600068
3816,2013-07-19,3.56,3.477,3.597,3.468,148464.0,600068
3817,2013-07-22,3.468,3.56,3.569,3.431,145431.0,600068
3818,2013-07-23,3.615,3.661,3.688,3.606,218842.0,600068
3819,2013-07-24,3.643,3.67,3.698,3.615,188800.0,600068
3820,2013-07-25,3.67,3.652,3.698,3.643,145542.0,600068
3821,2013-07-26,3.643,3.615,3.643,3.606,90045.0,600068
3822,2013-07-29,3.587,3.56,3.597,3.542,126859.0,600068
3823,2013-07-30,3.578,3.578,3.606,3.532,84910.0,600068
3824,2013-07-31,3.587,3.578,3.615,3.569,82313.0,600068
3825,2013-08-01,3.587,3.633,3.652,3.587,123816.0,600068
3826,2013-08-02,3.661,3.624,3.661,3.615,97259.0,600068
3827,2013-08-05,3.643,3.652,3.652,3.615,117316.0,600068
3828,2013-08-06,3.633,3.67,3.67,3.606,175853.0,600068
3829,2013-08-07,3.661,3.789,3.872,3.633,506173.0,600068
3830,2013-08-08,3.753,3.734,3.771,3.707,279258.0,600068
3831,2013-08-09,3.734,3.688,3.743,3.67,182013.0,600068
3832,2013-08-23,3.762,3.789,3.881,3.725,547512.0,600068
3833,2013-08-26,3.789,3.808,3.808,3.743,230596.0,600068
3834,2013-08-27,3.808,3.789,3.808,3.771,154935.0,600068
3835,2013-08-28,3.771,3.734,3.789,3.716,203656.0,600068
3836,2013-08-29,3.743,3.734,3.753,3.707,129232.0,600068
3837,2013-08-30,3.725,3.762,3.789,3.698,176054.0,600068
3838,2013-09-02,3.743,3.789,3.808,3.743,170698.0,600068
3839,2013-09-03,3.789,3.817,3.826,3.78,179512.0,600068
3840,2013-09-04,3.826,3.789,3.826,3.78,147326.0,600068
3841,2013-09-05,3.789,3.734,3.798,3.725,180733.0,600068
3842,2013-09-06,3.725,3.743,3.762,3.716,149233.0,600068
3843,2013-09-09,3.734,3.826,3.826,3.734,295253.0,600068
3844,2013-09-10,3.826,3.918,3.927,3.798,467804.0,600068
3845,2013-09-11,3.954,4.019,4.147,3.927,562306.0,600068
3846,2013-09-12,4.01,4.019,4.037,3.945,307468.0,600068
3847,2013-09-13,4.0,4.0,4.083,3.982,240056.0,600068
3848,2013-09-16,4.01,3.964,4.046,3.954,154614.0,600068
3849,2013-09-17,3.964,3.899,3.991,3.89,176487.0,600068
3850,2013-09-18,3.909,3.89,3.927,3.854,135367.0,600068
3851,2013-09-23,3.89,3.945,3.964,3.881,146865.0,600068
3852,2013-09-24,3.945,3.89,3.954,3.863,158244.0,600068
3853,2013-09-25,3.89,3.826,3.899,3.817,144765.0,600068
3854,2013-09-26,3.826,3.734,3.826,3.725,162800.0,600068
3855,2013-09-27,3.725,3.743,3.762,3.725,91940.0,600068
3856,2013-09-30,3.762,3.734,3.78,3.725,81693.0,600068
3857,2013-10-08,3.725,3.78,3.789,3.698,111127.0,600068
3858,2013-10-09,3.762,3.808,3.808,3.743,108579.0,600068
3859,2013-10-10,3.835,3.844,3.909,3.826,246216.0,600068
3860,2013-10-11,3.863,3.872,3.89,3.854,154539.0,600068
3861,2013-10-14,3.89,3.945,3.964,3.881,225761.0,600068
3862,2013-10-15,3.945,3.909,3.945,3.872,164014.0,600068
3863,2013-10-16,3.909,3.808,3.909,3.798,147065.0,600068
3864,2013-10-17,3.817,3.854,3.899,3.817,141545.0,600068
3865,2013-10-18,3.854,3.817,3.863,3.808,93649.0,600068
3866,2013-10-21,3.817,3.881,3.899,3.78,151675.0,600068
3867,2013-10-22,3.872,3.964,4.01,3.854,425830.0,600068
3868,2013-10-23,3.945,3.863,3.964,3.844,255688.0,600068
3869,2013-10-24,3.854,3.835,3.899,3.817,109458.0,600068
3870,2013-10-25,3.826,3.753,3.863,3.743,155938.0,600068
3871,2013-10-28,3.753,3.808,3.854,3.753,127707.0,600068
3872,2013-10-29,3.78,3.753,3.863,3.707,173156.0,600068
3873,2013-10-30,3.771,3.844,3.844,3.762,144834.0,600068
3874,2013-10-31,3.835,3.854,3.863,3.798,165303.0,600068
3875,2013-11-01,3.863,3.909,3.918,3.844,224769.0,600068
3876,2013-11-04,3.945,3.899,3.964,3.89,224166.0,600068
3877,2013-11-05,3.881,3.863,3.881,3.826,220866.0,600068
3878,2013-11-06,3.844,3.798,3.854,3.789,179167.0,600068
3879,2013-11-07,3.798,3.789,3.808,3.762,96525.0,600068
3880,2013-11-08,3.789,3.743,3.798,3.734,89547.0,600068
3881,2013-11-11,3.753,3.743,3.771,3.725,113622.0,600068
3882,2013-11-12,3.743,3.762,3.771,3.743,103399.0,600068
3883,2013-11-13,3.753,3.624,3.762,3.587,216154.0,600068
3884,2013-11-14,3.615,3.643,3.67,3.606,99845.0,600068
3885,2013-11-15,3.652,3.698,3.725,3.643,146128.0,600068
3886,2013-11-18,3.707,3.771,3.771,3.707,146204.0,600068
3887,2013-11-19,3.872,3.789,3.872,3.771,236681.0,600068
3888,2013-11-20,3.771,3.798,3.817,3.762,122992.0,600068
3889,2013-11-21,3.789,3.771,3.789,3.743,142142.0,600068
3890,2013-11-22,3.78,3.734,3.789,3.734,99176.0,600068
3891,2013-11-25,3.743,3.734,3.762,3.716,93501.0,600068
3892,2013-11-26,3.743,3.725,3.762,3.716,75944.0,600068
3893,2013-11-27,3.734,3.762,3.771,3.716,114003.0,600068
3894,2013-11-28,3.762,3.798,3.817,3.753,176838.0,600068
3895,2013-11-29,3.808,3.78,3.817,3.771,105037.0,600068
3896,2013-12-02,3.762,3.725,3.78,3.679,247080.0,600068
3897,2013-12-03,3.716,3.753,3.771,3.707,149750.0,600068
3898,2013-12-04,3.743,3.835,3.881,3.743,401602.0,600068
3899,2013-12-05,3.844,3.817,3.844,3.798,151530.0,600068
3900,2013-12-06,3.798,3.872,3.881,3.798,316558.0,600068
3901,2013-12-09,3.89,3.854,3.89,3.826,165889.0,600068
3902,2013-12-10,3.854,3.835,3.872,3.817,146768.0,600068
3903,2013-12-11,3.817,3.771,3.826,3.743,218925.0,600068
3904,2013-12-12,3.762,3.771,3.78,3.743,111547.0,600068
3905,2013-12-13,3.753,3.762,3.762,3.716,168988.0,600068
3906,2013-12-16,3.762,3.698,3.762,3.688,136470.0,600068
3907,2013-12-17,3.698,3.679,3.716,3.67,105516.0,600068
3908,2013-12-18,3.679,3.688,3.707,3.67,77150.0,600068
3909,2013-12-19,3.707,3.67,3.734,3.661,142128.0,600068
3910,2013-12-20,3.67,3.597,3.679,3.578,167180.0,600068
3911,2013-12-23,3.597,3.597,3.606,3.551,77017.0,600068
3912,2013-12-24,3.753,3.661,3.808,3.624,215757.0,600068
3913,2013-12-25,3.633,3.661,3.67,3.624,81568.0,600068
3914,2013-12-26,3.633,3.587,3.652,3.587,74618.0,600068
3915,2013-12-27,3.587,3.633,3.652,3.578,63608.0,600068
3916,2013-12-30,3.661,3.624,3.661,3.615,59580.0,600068
3917,2013-12-31,3.606,3.633,3.643,3.597,70997.0,600068
3918,2014-01-02,3.643,3.615,3.643,3.606,60642.0,600068
3919,2014-01-03,3.624,3.615,3.643,3.578,92823.0,600068
3920,2014-01-06,3.597,3.514,3.606,3.496,146237.0,600068
3921,2014-01-07,3.505,3.514,3.532,3.496,59580.0,600068
3922,2014-01-08,3.532,3.487,3.542,3.487,79813.0,600068
3923,2014-01-09,3.487,3.441,3.505,3.441,86101.0,600068
3924,2014-01-10,3.441,3.413,3.45,3.386,101429.0,600068
3925,2014-01-13,3.422,3.413,3.441,3.404,63817.0,600068
3926,2014-01-14,3.422,3.441,3.45,3.404,56767.0,600068
3927,2014-01-15,3.45,3.505,3.514,3.404,84313.0,600068
3928,2014-01-16,3.496,3.542,3.56,3.468,109339.0,600068
3929,2014-01-17,3.532,3.532,3.551,3.431,140388.0,600068
3930,2014-01-20,3.505,3.505,3.532,3.468,91935.0,600068
3931,2014-01-21,3.514,3.514,3.532,3.496,58734.0,600068
3932,2014-01-22,3.523,3.569,3.578,3.514,123302.0,600068
3933,2014-01-23,3.569,3.542,3.587,3.532,87841.0,600068
3934,2014-01-24,3.542,3.56,3.569,3.523,130673.0,600068
3935,2014-01-27,3.532,3.514,3.551,3.505,97627.0,600068
3936,2014-01-28,3.523,3.505,3.532,3.496,59445.0,600068
3937,2014-01-29,3.514,3.523,3.532,3.505,78541.0,600068
3938,2014-01-30,3.514,3.514,3.532,3.505,55848.0,600068
3939,2014-02-07,3.505,3.523,3.523,3.487,51759.0,600068
3940,2014-02-10,3.532,3.587,3.587,3.514,158466.0,600068
3941,2014-02-11,3.578,3.587,3.597,3.551,181718.0,600068
3942,2014-02-12,3.587,3.587,3.597,3.56,118843.0,600068
3943,2014-02-13,3.578,3.569,3.587,3.551,126337.0,600068
3944,2014-02-14,3.56,3.587,3.587,3.56,83465.0,600068
3945,2014-02-17,3.597,3.698,3.716,3.569,380565.0,600068
3946,2014-02-18,3.67,3.734,3.789,3.652,455925.0,600068
3947,2014-02-19,3.734,3.753,3.798,3.734,302369.0,600068
3948,2014-02-20,3.78,3.771,3.808,3.734,309432.0,600068
3949,2014-02-21,3.771,3.698,3.78,3.679,194013.0,600068
3950,2014-02-24,3.688,3.624,3.698,3.597,198034.0,600068
3951,2014-02-25,3.615,3.542,3.643,3.514,159614.0,600068
3952,2014-02-26,3.514,3.532,3.551,3.487,133033.0,600068
3953,2014-02-27,3.532,3.551,3.578,3.523,152203.0,600068
3954,2014-02-28,3.542,3.56,3.56,3.505,102267.0,600068
3955,2014-03-03,3.551,3.597,3.606,3.523,181667.0,600068
3956,2014-03-04,3.578,3.578,3.587,3.551,108802.0,600068
3957,2014-03-05,3.587,3.606,3.643,3.551,163235.0,600068
3958,2014-03-06,3.606,3.67,3.707,3.569,225834.0,600068
3959,2014-03-07,3.679,3.688,3.688,3.615,188793.0,600068
3960,2014-03-10,3.679,3.551,3.679,3.542,145991.0,600068
3961,2014-03-11,3.551,3.643,3.652,3.523,233568.0,600068
3962,2014-03-12,3.606,3.652,3.679,3.597,221786.0,600068
3963,2014-03-13,3.652,3.633,3.698,3.624,151232.0,600068
3964,2014-03-14,3.624,3.578,3.633,3.578,116099.0,600068
3965,2014-03-17,3.587,3.587,3.597,3.551,120507.0,600068
3966,2014-03-18,3.587,3.606,3.624,3.56,138445.0,600068
3967,2014-03-19,3.587,3.569,3.597,3.551,102033.0,600068
3968,2014-03-20,3.56,3.505,3.587,3.496,99219.0,600068
3969,2014-03-21,3.487,3.615,3.615,3.487,155362.0,600068
3970,2014-03-24,3.606,3.624,3.643,3.578,161008.0,600068
3971,2014-03-25,3.624,3.661,3.698,3.615,255733.0,600068
3972,2014-03-26,3.661,3.652,3.67,3.624,97987.0,600068
3973,2014-03-27,3.652,3.624,3.679,3.624,129680.0,600068
3974,2014-03-28,3.624,3.633,3.652,3.615,101815.0,600068
3975,2014-03-31,3.643,3.551,3.652,3.505,227734.0,600068
3976,2014-04-01,3.542,3.56,3.578,3.532,90782.0,600068
3977,2014-04-02,3.56,3.578,3.587,3.542,79736.0,600068
3978,2014-04-03,3.587,3.542,3.606,3.505,211739.0,600068
3979,2014-04-04,3.523,3.56,3.56,3.514,125390.0,600068
3980,2014-04-08,3.542,3.587,3.597,3.532,142937.0,600068
3981,2014-04-09,3.587,3.587,3.606,3.569,133996.0,600068
3982,2014-04-10,3.587,3.643,3.652,3.56,279830.0,600068
3983,2014-04-11,3.615,3.615,3.624,3.597,127014.0,600068
3984,2014-04-14,3.606,3.624,3.633,3.597,103495.0,600068
3985,2014-04-15,3.606,3.578,3.624,3.56,132313.0,600068
3986,2014-04-16,3.578,3.578,3.597,3.542,68311.0,600068
3987,2014-04-17,3.578,3.615,3.624,3.56,110564.0,600068
3988,2014-04-18,3.606,3.587,3.606,3.578,134407.0,600068
3989,2014-04-21,3.56,3.569,3.633,3.56,189217.0,600068
3990,2014-04-22,3.56,3.542,3.578,3.514,140115.0,600068
3991,2014-04-23,3.542,3.532,3.551,3.523,97099.0,600068
3992,2014-04-24,3.532,3.514,3.542,3.496,99527.0,600068
3993,2014-04-25,3.514,3.487,3.532,3.477,110908.0,600068
3994,2014-04-28,3.487,3.413,3.487,3.358,188917.0,600068
3995,2014-04-29,3.404,3.441,3.441,3.395,77341.0,600068
3996,2014-04-30,3.431,3.477,3.477,3.422,88058.0,600068
3997,2014-05-05,3.468,3.523,3.532,3.441,149030.0,600068
3998,2014-05-06,3.505,3.551,3.551,3.496,146073.0,600068
3999,2014-05-07,3.532,3.496,3.532,3.487,61935.0,600068
4000,2014-05-08,3.487,3.505,3.542,3.487,73955.0,600068
4001,2014-05-09,3.514,3.477,3.514,3.468,57016.0,600068
4002,2014-05-12,3.514,3.551,3.551,3.496,112612.0,600068
4003,2014-05-13,3.56,3.551,3.569,3.523,78719.0,600068
4004,2014-05-14,3.532,3.532,3.551,3.514,54478.0,600068
4005,2014-05-15,3.523,3.505,3.56,3.505,94412.0,600068
4006,2014-05-16,3.496,3.523,3.523,3.487,55634.0,600068
4007,2014-05-19,3.514,3.487,3.523,3.477,65340.0,600068
4008,2014-05-20,3.496,3.505,3.532,3.487,76139.0,600068
4009,2014-05-21,3.487,3.532,3.532,3.477,68307.0,600068
4010,2014-05-22,3.587,3.542,3.606,3.532,245233.0,600068
4011,2014-05-23,3.532,3.532,3.542,3.514,72487.0,600068
4012,2014-05-26,3.551,3.551,3.569,3.542,74141.0,600068
4013,2014-05-27,3.551,3.551,3.551,3.532,56977.0,600068
4014,2014-05-28,3.551,3.578,3.578,3.532,78050.0,600068
4015,2014-05-29,3.56,3.542,3.578,3.523,75264.0,600068
4016,2014-05-30,3.542,3.523,3.56,3.523,57001.0,600068
4017,2014-06-03,3.532,3.496,3.542,3.496,72907.0,600068
4018,2014-06-04,3.496,3.477,3.496,3.45,72104.0,600068
4019,2014-06-05,3.477,3.505,3.505,3.45,87551.0,600068
4020,2014-06-06,3.487,3.468,3.496,3.45,81795.0,600068
4021,2014-06-09,3.45,3.468,3.477,3.441,75490.0,600068
4022,2014-06-10,3.468,3.477,3.487,3.45,74818.0,600068
4023,2014-06-11,3.468,3.468,3.477,3.441,78891.0,600068
4024,2014-06-12,3.459,3.468,3.468,3.45,72198.0,600068
4025,2014-06-13,3.459,3.477,3.496,3.45,105863.0,600068
4026,2014-06-16,3.477,3.505,3.505,3.468,93181.0,600068
4027,2014-06-17,3.487,3.496,3.496,3.468,83902.0,600068
4028,2014-06-18,3.487,3.459,3.487,3.45,79887.0,600068
4029,2014-06-19,3.459,3.441,3.468,3.404,98854.0,600068
4030,2014-06-20,3.441,3.459,3.459,3.422,52932.0,600068
4031,2014-06-23,3.459,3.459,3.468,3.441,41107.0,600068
4032,2014-06-24,3.45,3.468,3.468,3.441,58803.0,600068
4033,2014-06-25,3.468,3.459,3.477,3.441,50977.0,600068
4034,2014-06-26,3.459,3.477,3.496,3.45,102782.0,600068
4035,2014-06-27,3.487,3.487,3.496,3.468,111749.0,600068
4036,2014-06-30,3.487,3.496,3.506,3.477,88061.0,600068
4037,2014-07-01,3.506,3.525,3.543,3.487,132609.0,600068
4038,2014-07-02,3.525,3.562,3.562,3.506,151031.0,600068
4039,2014-07-03,3.553,3.59,3.59,3.534,182410.0,600068
4040,2014-07-04,3.6,3.59,3.6,3.562,131722.0,600068
4041,2014-07-07,3.581,3.59,3.6,3.562,105177.0,600068
4042,2014-07-08,3.572,3.581,3.581,3.562,84481.0,600068
4043,2014-07-09,3.562,3.572,3.59,3.543,138431.0,600068
4044,2014-07-10,3.553,3.562,3.562,3.543,77014.0,600068
4045,2014-07-11,3.562,3.572,3.572,3.543,103690.0,600068
4046,2014-07-14,3.562,3.628,3.638,3.553,200447.0,600068
4047,2014-07-15,3.638,3.638,3.666,3.609,180528.0,600068
4048,2014-07-16,3.647,3.864,3.939,3.638,1528185.0,600068
4049,2014-07-17,3.817,3.779,3.826,3.722,619268.0,600068
4050,2014-07-18,3.76,3.77,3.779,3.722,339075.0,600068
4051,2014-07-21,3.76,3.704,3.779,3.685,338555.0,600068
4052,2014-07-22,3.704,3.713,3.732,3.685,342463.0,600068
4053,2014-07-23,3.722,3.675,3.722,3.656,295486.0,600068
4054,2014-07-24,3.675,3.713,3.722,3.666,295205.0,600068
4055,2014-07-25,3.713,3.722,3.779,3.704,582103.0,600068
4056,2014-07-28,3.732,3.788,3.798,3.722,517123.0,600068
4057,2014-07-29,3.798,3.779,3.807,3.77,423489.0,600068
4058,2014-07-30,3.788,3.817,3.845,3.76,400743.0,600068
4059,2014-07-31,3.807,3.836,3.845,3.788,261290.0,600068
4060,2014-08-01,3.845,3.788,3.892,3.779,483020.0,600068
4061,2014-08-04,3.788,3.836,3.836,3.788,311487.0,600068
4062,2014-08-05,3.873,3.883,3.92,3.845,493722.0,600068
4063,2014-08-06,3.883,3.883,3.901,3.836,281414.0,600068
4064,2014-08-07,3.883,3.836,3.901,3.817,258869.0,600068
4065,2014-08-08,3.826,3.845,3.854,3.817,190307.0,600068
4066,2014-08-11,3.845,3.864,3.873,3.826,240284.0,600068
4067,2014-08-12,3.873,3.845,3.873,3.836,212878.0,600068
4068,2014-08-13,3.845,3.807,3.854,3.741,606891.0,600068
4069,2014-08-14,3.788,3.779,3.817,3.76,254439.0,600068
4070,2014-08-15,3.779,3.807,3.817,3.779,166958.0,600068
4071,2014-08-18,3.807,3.836,3.845,3.807,208824.0,600068
4072,2014-08-19,3.836,3.817,3.845,3.798,231908.0,600068
4073,2014-08-20,3.845,3.854,3.911,3.836,526950.0,600068
4074,2014-08-21,3.864,3.836,3.864,3.798,276969.0,600068
4075,2014-08-22,3.826,3.845,3.845,3.817,207384.0,600068
4076,2014-08-25,3.854,3.854,3.873,3.807,287679.0,600068
4077,2014-08-26,3.883,3.836,3.892,3.817,371719.0,600068
4078,2014-08-27,3.836,3.883,3.901,3.817,461086.0,600068
4079,2014-08-28,3.901,3.845,3.901,3.836,255442.0,600068
4080,2014-08-29,3.854,3.864,3.873,3.826,218431.0,600068
4081,2014-09-01,3.873,3.911,3.93,3.864,389724.0,600068
4082,2014-09-02,3.901,3.996,4.015,3.892,711924.0,600068
4083,2014-09-03,3.996,3.986,4.062,3.977,640782.0,600068
4084,2014-09-04,3.986,4.024,4.043,3.986,311484.0,600068
4085,2014-09-05,4.033,4.118,4.128,4.033,628326.0,600068
4086,2014-09-09,4.137,4.09,4.175,4.071,503052.0,600068
4087,2014-09-30,4.241,4.495,4.495,4.165,904671.0,600068
4088,2014-10-08,4.721,4.523,4.721,4.429,1605092.0,600068
4089,2014-10-09,4.495,4.476,4.542,4.429,781309.0,600068
4090,2014-10-10,4.486,4.552,4.684,4.476,963977.0,600068
4091,2014-10-13,4.523,4.533,4.552,4.439,515278.0,600068
4092,2014-10-14,4.505,4.486,4.533,4.448,396497.0,600068
4093,2014-10-15,4.523,4.533,4.571,4.439,486834.0,600068
4094,2014-10-16,4.495,4.561,4.712,4.457,830681.0,600068
4095,2014-10-17,4.533,4.476,4.58,4.429,498917.0,600068
4096,2014-10-20,4.505,4.495,4.523,4.448,276856.0,600068
4097,2014-10-21,4.495,4.401,4.505,4.392,336952.0,600068
4098,2014-10-22,4.354,4.25,4.401,4.241,490619.0,600068
4099,2014-10-23,4.222,4.175,4.241,4.137,437913.0,600068
4100,2014-10-24,4.184,4.222,4.278,4.175,271727.0,600068
4101,2014-10-27,4.194,4.203,4.222,4.156,197486.0,600068
4102,2014-10-28,4.194,4.316,4.316,4.194,322117.0,600068
4103,2014-10-29,4.335,4.373,4.392,4.288,485213.0,600068
4104,2014-10-30,4.41,4.476,4.542,4.392,803023.0,600068
4105,2014-10-31,4.476,4.486,4.571,4.457,608778.0,600068
4106,2014-11-03,4.505,4.599,4.646,4.495,964617.0,600068
4107,2014-11-04,4.646,5.042,5.061,4.599,2970010.0,600068
4108,2014-11-05,5.07,4.872,5.089,4.806,1702212.0,600068
4109,2014-11-06,4.825,4.872,4.929,4.74,1039478.0,600068
4110,2014-11-07,4.9,4.778,4.976,4.731,1150932.0,600068
4111,2014-11-10,4.806,4.929,4.948,4.74,1009178.0,600068
4112,2014-11-11,4.976,4.797,5.004,4.75,1052163.0,600068
4113,2014-11-12,4.778,4.853,4.863,4.759,455010.0,600068
4114,2014-11-13,4.853,4.759,4.853,4.731,553627.0,600068
4115,2014-11-14,4.75,4.778,4.825,4.731,416344.0,600068
4116,2014-11-17,4.797,4.759,4.844,4.75,342075.0,600068
4117,2014-11-18,4.75,4.684,4.768,4.646,388313.0,600068
4118,2014-11-19,4.684,4.75,4.834,4.665,498655.0,600068
4119,2014-11-20,4.721,4.759,4.825,4.684,341003.0,600068
4120,2014-11-21,4.759,4.957,4.966,4.721,1104894.0,600068
4121,2014-11-24,5.032,5.108,5.24,4.929,1536493.0,600068
4122,2014-11-25,5.108,5.145,5.24,5.051,896028.0,600068
4123,2014-11-26,5.277,5.466,5.654,5.277,1783094.0,600068
4124,2014-11-27,5.541,5.381,5.541,5.315,1139646.0,600068
4125,2014-11-28,5.447,5.513,5.758,5.447,1596503.0,600068
4126,2014-12-01,5.513,5.522,5.654,5.447,1051224.0,600068
4127,2014-12-02,5.494,5.635,5.654,5.456,1108249.0,600068
4128,2014-12-03,5.654,5.607,5.749,5.494,1337999.0,600068
4129,2014-12-04,5.607,5.673,5.701,5.504,1268052.0,600068
4130,2014-12-05,5.701,5.485,5.739,5.343,1331803.0,600068
4131,2014-12-08,5.485,5.899,5.984,5.485,1982560.0,600068
4132,2014-12-09,5.862,5.664,6.455,5.541,2742132.0,600068
4133,2014-12-10,5.645,6.012,6.031,5.645,1435370.0,600068
4134,2014-12-11,6.041,6.229,6.408,6.022,1641559.0,600068
4135,2014-12-12,6.229,6.672,6.785,6.154,1886534.0,600068
4136,2014-12-15,6.681,7.341,7.341,6.531,2685496.0,600068
4137,2014-12-16,7.68,8.001,8.01,7.445,2891252.0,600068
4138,2014-12-17,7.869,7.812,8.293,7.643,2285312.0,600068
4139,2014-12-18,7.793,8.114,8.331,7.567,2212435.0,600068
4140,2014-12-19,7.973,8.924,8.924,7.869,2765698.0,600068
4141,2014-12-22,9.292,8.359,9.612,8.293,3129174.0,600068
4142,2014-12-23,8.387,7.812,8.604,7.52,1993456.0,600068
4143,2014-12-24,8.01,8.048,8.463,7.878,2050558.0,600068
4144,2014-12-25,8.01,8.849,8.849,7.897,3296231.0,600068
4145,2014-12-26,9.047,9.132,9.414,8.491,3922297.0,600068
4146,2014-12-29,8.858,9.245,9.584,8.717,2976566.0,600068
4147,2014-12-30,9.047,8.905,9.264,8.717,1498223.0,600068
4148,2014-12-31,8.915,8.792,8.99,8.576,1409809.0,600068
4149,2015-01-05,8.698,8.604,8.764,8.208,2087407.0,600068
4150,2015-01-06,8.463,8.453,8.547,8.18,1559351.0,600068
4151,2015-01-07,8.397,8.67,8.726,8.368,1595547.0,600068
4152,2015-01-08,8.66,8.378,8.66,8.265,1069922.0,600068
4153,2015-01-09,8.378,8.444,8.821,8.255,1510762.0,600068
4154,2015-01-12,8.293,7.925,8.293,7.822,1197734.0,600068
4155,2015-01-13,7.878,7.822,8.095,7.765,682289.0,600068
4156,2015-01-14,7.897,7.812,7.991,7.746,576685.0,600068
4157,2015-01-15,7.888,8.152,8.161,7.869,836531.0,600068
4158,2015-01-16,8.142,8.123,8.34,8.029,781553.0,600068
4159,2015-01-19,7.746,7.313,7.878,7.313,1347698.0,600068
4160,2015-01-20,7.454,7.501,7.633,7.36,799989.0,600068
4161,2015-01-21,7.52,8.02,8.086,7.501,1083860.0,600068
4162,2015-01-22,8.02,7.963,8.076,7.831,802202.0,600068
4163,2015-01-23,7.916,7.944,8.095,7.85,842093.0,600068
4164,2015-01-26,7.897,8.029,8.048,7.756,782943.0,600068
4165,2015-01-27,8.095,8.387,8.406,7.878,1646277.0,600068
4166,2015-01-28,8.368,8.406,8.67,8.265,1711335.0,600068
4167,2015-01-29,8.293,8.594,8.651,8.246,1071488.0,600068
4168,2015-01-30,8.585,8.161,8.67,8.114,995587.0,600068
4169,2015-02-02,7.991,7.699,7.991,7.614,767279.0,600068
4170,2015-02-03,7.68,7.954,8.029,7.662,637417.0,600068
4171,2015-02-04,8.057,8.086,8.152,7.85,791657.0,600068
4172,2015-02-05,8.453,7.878,8.453,7.869,837452.0,600068
4173,2015-02-06,7.765,7.746,7.963,7.652,507704.0,600068
4174,2015-02-09,7.756,7.831,7.888,7.728,296232.0,600068
4175,2015-02-10,7.831,8.02,8.029,7.765,553911.0,600068
4176,2015-02-11,8.038,7.916,8.086,7.869,430588.0,600068
4177,2015-02-12,7.925,7.859,7.954,7.803,371477.0,600068
4178,2015-02-13,7.916,8.142,8.18,7.869,646908.0,600068
4179,2015-02-16,8.152,8.086,8.17,8.02,461112.0,600068
4180,2015-02-17,8.104,8.5,8.557,8.086,1188445.0,600068
4181,2015-02-25,8.594,8.406,8.67,8.349,854972.0,600068
4182,2015-02-26,8.51,9.245,9.245,8.434,2802260.0,600068
4183,2015-02-27,9.424,9.132,9.49,9.056,2141462.0,600068
4184,2015-03-02,9.216,9.226,9.424,9.056,1414217.0,600068
4185,2015-03-03,9.141,8.905,9.15,8.774,1858497.0,600068
4186,2015-03-04,8.811,8.783,8.887,8.679,966022.0,600068
4187,2015-03-05,8.821,8.708,8.915,8.585,1074293.0,600068
4188,2015-03-06,8.717,8.557,8.792,8.529,739702.0,600068
4189,2015-03-09,8.491,8.726,8.736,8.368,664766.0,600068
4190,2015-03-10,8.67,8.632,8.717,8.594,485100.0,600068
4191,2015-03-11,8.623,8.557,8.708,8.491,595380.0,600068
4192,2015-03-12,8.613,8.858,8.887,8.481,921323.0,600068
4193,2015-03-13,8.858,8.764,8.858,8.698,921457.0,600068
4194,2015-03-16,8.811,8.83,8.849,8.67,1254896.0,600068
4195,2015-03-17,8.858,9.019,9.188,8.858,1743495.0,600068
4196,2015-03-18,8.981,9.103,9.132,8.905,1498636.0,600068
4197,2015-03-19,9.094,9.537,9.848,8.971,2923235.0,600068
4198,2015-03-20,9.546,9.377,9.612,9.311,1639480.0,600068
4199,2015-03-23,9.433,9.518,9.612,9.386,1705857.0,600068
4200,2015-03-24,9.565,9.282,9.622,9.0,1776199.0,600068
4201,2015-03-25,9.235,9.471,9.509,9.047,1496122.0,600068
4202,2015-03-26,9.424,9.169,9.443,9.132,3786698.0,600068
4203,2015-03-27,9.122,9.254,9.461,9.056,2229014.86,600068
4204,2015-03-30,9.33,10.074,10.178,9.264,4218037.0,600068
4205,2015-03-31,10.178,9.678,10.178,9.641,3380541.0,600068
4206,2015-04-01,9.801,9.791,9.942,9.706,2361804.0,600068
4207,2015-04-02,9.81,9.791,9.867,9.593,2063029.0,600068
4208,2015-04-03,9.669,9.744,9.81,9.612,1386952.0,600068
4209,2015-04-07,9.791,9.82,9.886,9.725,2411490.0,600068
4210,2015-04-08,9.97,9.989,10.197,9.81,3291279.0,600068
4211,2015-04-09,9.97,9.584,9.98,9.471,2071272.0,600068
4212,2015-04-10,9.612,9.688,9.716,9.527,1413221.0,600068
4213,2015-04-13,9.725,9.857,9.886,9.622,2590814.0,600068
4214,2015-04-14,9.867,10.262,10.328,9.725,4018156.0,600068
4215,2015-04-15,10.178,10.979,11.29,9.98,5072284.0,600068
4216,2015-04-16,10.979,10.866,11.299,10.366,4596049.0,600068
4217,2015-04-17,11.016,11.535,11.799,10.913,5059661.0,600068
4218,2015-04-20,11.78,12.684,12.684,11.78,6523089.0,600068
4219,2015-04-21,12.873,12.637,13.165,12.025,5418887.0,600068
4220,2015-04-22,12.675,12.911,13.57,12.392,4372045.0,600068
4221,2015-04-23,12.92,12.732,13.09,12.562,3020861.0,600068
4222,2015-04-24,13.033,13.09,13.712,12.807,3979212.0,600068
4223,2015-04-27,13.278,13.372,13.561,12.901,3991675.0,600068
4224,2015-04-28,13.099,12.609,13.335,12.486,3174315.0,600068
4225,2015-04-29,12.628,12.421,12.732,12.091,2091932.0,600068
4226,2015-04-30,12.421,13.08,13.664,12.421,4002720.0,600068
4227,2015-05-04,13.061,13.844,14.107,12.797,4187148.0,600068
4228,2015-05-05,13.844,12.458,13.844,12.458,3516661.0,600068
4229,2015-05-06,12.411,11.93,12.684,11.714,2482991.0,600068
4230,2015-05-07,11.751,10.743,11.751,10.734,2406384.0,600068
4231,2015-05-08,10.837,11.101,11.167,10.46,2201152.0,600068
4232,2015-05-11,11.29,11.422,11.469,10.913,2229106.0,600068
4233,2015-05-12,11.431,11.761,11.789,11.243,2189000.0,600068
4234,2015-05-13,11.723,11.478,11.94,11.29,2258054.0,600068
4235,2015-05-14,11.516,11.28,11.638,11.139,1601930.0,600068
4236,2015-05-15,11.309,11.148,11.374,11.035,1248647.0,600068
4237,2015-05-18,11.139,11.167,11.356,10.913,1348005.0,600068
4238,2015-05-19,11.195,11.77,11.921,11.186,2191748.0,600068
4239,2015-05-20,11.902,11.629,11.902,11.497,2309873.0,600068
4240,2015-05-21,11.563,11.78,11.817,11.45,1766669.0,600068
4241,2015-05-22,12.157,12.194,12.439,12.015,2696769.0,600068
4242,2015-05-25,12.223,13.174,13.288,12.223,3223461.0,600068
4243,2015-05-26,13.476,13.316,13.664,12.986,3521951.0,600068
4244,2015-05-27,13.344,12.892,13.429,12.722,2751908.0,600068
4245,2015-05-28,12.892,11.695,13.127,11.676,3024047.0,600068
4246,2015-05-29,11.733,11.883,12.147,11.026,2306013.0,600068
4247,2015-06-01,11.93,12.468,12.477,11.93,1916058.0,600068
4248,2015-06-02,12.496,12.788,12.967,12.289,2297963.0,600068
4249,2015-06-03,12.873,12.534,12.92,12.345,2079312.0,600068
4250,2015-06-04,12.486,12.345,12.496,11.403,1803872.0,600068
4251,2015-06-05,12.486,12.75,12.788,12.345,2602236.0,600068
4252,2015-06-08,12.911,13.598,13.9,12.741,4791614.0,600068
4253,2015-06-09,13.504,13.061,13.523,12.873,3049859.0,600068
4254,2015-06-10,13.674,13.316,14.004,13.278,4167244.0,600068
4255,2015-06-11,13.259,13.099,13.259,12.816,2192590.0,600068
4256,2015-06-12,13.118,13.25,13.382,12.967,2406305.0,600068
4257,2015-06-15,13.25,12.75,13.25,12.722,2139472.0,600068
4258,2015-06-16,12.675,12.081,12.675,11.883,1749060.0,600068
4259,2015-06-17,12.025,12.402,12.477,11.667,1453400.0,600068
4260,2015-06-18,12.383,12.373,12.76,12.204,1520163.0,600068
4261,2015-06-19,12.062,11.205,12.298,11.148,1273808.0,600068
4262,2015-06-23,11.195,11.488,11.497,10.178,1356420.0,600068
4263,2015-06-24,11.516,11.959,12.1,11.516,1532547.0,600068
4264,2015-06-25,11.996,12.336,12.703,11.883,2358553.0,600068
4265,2015-06-26,11.821,11.106,12.155,11.106,1643706.0,600068
4266,2015-06-29,11.688,10.334,11.688,10.001,1967488.0,600068
4267,2015-06-30,10.372,11.145,11.154,9.343,2061206.0,600068
4268,2015-07-01,11.059,10.172,11.44,10.115,1724476.0,600068
4269,2015-07-02,10.468,9.505,10.563,9.343,1622367.0,600068
4270,2015-07-03,9.343,8.551,9.638,8.551,1772184.0,600068
4271,2015-07-06,9.4,8.704,9.4,8.103,2037276.0,600068
4272,2015-07-07,8.504,7.846,8.647,7.836,2569433.0,600068
4273,2015-07-08,7.064,7.064,7.388,7.064,1706489.0,600068
4274,2015-07-09,6.53,7.77,7.77,6.53,2509416.0,600068
4275,2015-07-10,7.913,8.551,8.551,7.865,2282375.0,600068
4276,2015-07-13,8.761,9.409,9.409,8.752,3132471.0,600068
4277,2015-07-14,9.143,8.914,9.695,8.761,2873426.0,600068
4278,2015-07-15,8.752,8.027,8.847,8.027,1778161.0,600068
4279,2015-07-16,8.027,8.218,8.456,7.455,1413179.0,600068
4280,2015-07-17,8.256,8.761,8.952,8.227,1412161.0,600068
4281,2015-07-20,8.761,8.961,9.123,8.532,2028346.0,600068
4282,2015-07-21,8.876,8.952,9.181,8.742,1589015.0,600068
4283,2015-07-22,8.885,8.904,9.047,8.656,1350904.0,600068
4284,2015-07-23,8.933,9.343,9.429,8.914,2104964.0,600068
4285,2015-07-24,9.39,9.505,9.981,9.295,3027515.0,600068
4286,2015-07-27,9.152,8.551,9.495,8.551,1750875.0,600068
4287,2015-07-28,8.151,8.656,8.771,7.722,1783113.0,600068
4288,2015-07-29,8.694,9.162,9.2,8.58,1335875.0,600068
4289,2015-07-30,9.104,8.666,9.314,8.58,1174092.0,600068
4290,2015-07-31,8.485,8.752,8.904,8.485,918540.0,600068
4291,2015-08-03,8.628,9.047,9.057,8.571,1375686.0,600068
4292,2015-08-04,8.971,9.448,9.457,8.971,1204532.0,600068
4293,2015-08-05,9.476,9.162,9.524,9.114,1037143.0,600068
4294,2015-08-06,8.942,8.933,9.152,8.885,708814.0,600068
4295,2015-08-07,8.99,9.2,9.333,8.98,750021.0,600068
4296,2015-08-10,9.524,9.734,9.867,9.438,1585036.0,600068
4297,2015-08-11,9.686,9.552,9.772,9.457,1316256.0,600068
4298,2015-08-12,9.438,9.81,9.819,9.381,1393462.0,600068
4299,2015-08-13,9.81,10.115,10.124,9.686,1621192.0,600068
4300,2015-08-14,10.182,9.886,10.267,9.762,1289298.0,600068
4301,2015-08-17,9.858,9.972,10.058,9.762,928920.0,600068
4302,2015-08-18,10.001,8.971,10.096,8.971,1599711.0,600068
4303,2015-08-19,8.666,9.047,9.2,8.37,1171186.0,600068
4304,2015-08-20,8.942,8.532,8.942,8.494,876296.0,600068
4305,2015-08-21,8.389,7.96,8.609,7.913,1163862.0,600068
4306,2015-08-24,7.627,7.169,7.627,7.169,1044524.0,600068
4307,2015-08-25,6.578,6.454,6.816,6.454,1142800.0,600068
4308,2015-08-26,6.654,6.254,6.769,6.111,994822.0,600068
4309,2015-08-27,6.559,6.664,6.673,6.216,767515.0,600068
4310,2015-08-28,6.864,7.207,7.312,6.721,1079550.0,600068
4311,2015-08-31,7.226,7.303,7.341,6.807,1005662.0,600068
4312,2015-09-01,7.15,7.217,7.312,6.816,1201677.0,600068
4313,2015-09-02,6.94,7.303,7.589,6.864,1118067.0,600068
4314,2015-09-07,7.322,7.036,7.608,7.007,842168.0,600068
4315,2015-09-08,6.998,7.236,7.245,6.702,590243.0,600068
4316,2015-09-09,7.236,7.417,7.503,7.217,716328.0,600068
4317,2015-09-10,7.474,7.331,7.617,7.293,764557.0,600068
4318,2015-09-11,7.255,7.303,7.379,7.16,431469.0,600068
4319,2015-09-14,7.493,7.293,7.541,6.769,808753.0,600068
4320,2015-09-15,7.036,6.664,7.131,6.626,493650.0,600068
4321,2015-09-16,6.645,7.169,7.322,6.645,553285.0,600068
4322,2015-09-17,7.179,7.017,7.503,6.988,779807.0,600068
4323,2015-09-18,7.121,6.998,7.15,6.816,467543.0,600068
4324,2015-09-21,6.902,7.102,7.112,6.845,456746.0,600068
4325,2015-09-22,7.112,7.121,7.198,7.064,484047.0,600068
4326,2015-09-23,6.988,6.864,7.036,6.835,388377.0,600068
4327,2015-09-24,6.931,6.902,6.95,6.835,261102.0,600068
4328,2015-09-25,6.893,6.826,6.998,6.731,361407.0,600068
4329,2015-09-28,6.845,6.845,6.902,6.731,183128.0,600068
4330,2015-09-29,6.902,6.893,7.093,6.855,597820.0,600068
4331,2015-09-30,6.855,6.826,6.94,6.759,318914.0,600068
4332,2015-10-08,7.055,7.017,7.093,6.978,479162.0,600068
4333,2015-10-09,6.988,7.093,7.131,6.978,393932.0,600068
4334,2015-10-12,7.198,7.398,7.455,7.169,884956.0,600068
4335,2015-10-13,7.341,7.388,7.388,7.284,548046.0,600068
4336,2015-10-14,7.369,7.188,7.427,7.169,567566.0,600068
4337,2015-10-15,7.15,7.417,7.436,7.15,625034.0,600068
4338,2015-10-16,7.446,7.636,7.684,7.417,1108075.0,600068
4339,2015-10-19,7.741,7.541,7.751,7.446,723020.0,600068
4340,2015-10-20,7.55,7.856,7.941,7.446,799545.0,600068
4341,2015-10-21,7.798,7.436,8.323,7.379,1494106.0,600068
4342,2015-10-22,7.388,7.579,7.636,7.35,776871.0,600068
4343,2015-10-23,7.589,7.674,7.741,7.484,767345.0,600068
4344,2015-10-26,7.798,7.674,7.836,7.55,833261.0,600068
4345,2015-10-27,7.617,7.56,7.646,7.322,607053.0,600068
4346,2015-10-28,7.531,7.388,7.579,7.341,463054.0,600068
4347,2015-10-29,7.436,7.474,7.541,7.379,323697.0,600068
4348,2015-10-30,7.436,7.407,7.541,7.322,432839.0,600068
4349,2015-11-02,7.312,7.236,7.417,7.207,439131.0,600068
4350,2015-11-03,7.255,7.179,7.293,7.15,329765.0,600068
4351,2015-11-04,7.207,7.503,7.512,7.188,572726.0,600068
4352,2015-11-05,7.503,7.856,8.199,7.503,2079196.0,600068
4353,2015-11-06,7.856,7.97,8.046,7.779,1268204.0,600068
4354,2015-11-09,7.97,8.018,8.256,7.922,1228218.0,600068
4355,2015-11-10,7.894,7.913,7.97,7.836,942578.0,600068
4356,2015-11-11,7.894,7.903,7.941,7.817,584056.0,600068
4357,2015-11-12,7.894,7.741,7.932,7.684,839426.0,600068
4358,2015-11-13,7.646,7.627,7.779,7.617,689838.0,600068
4359,2015-11-16,7.503,7.722,7.741,7.436,499150.0,600068
4360,2015-11-17,7.77,7.751,7.884,7.703,833573.0,600068
4361,2015-11-18,7.741,7.97,8.056,7.665,1213652.0,600068
4362,2015-11-19,7.932,8.065,8.084,7.894,827147.0,600068
4363,2015-11-20,8.027,8.142,8.151,7.913,815096.0,600068
4364,2015-11-23,8.113,8.037,8.151,7.922,554992.0,600068
4365,2015-11-24,7.979,7.875,7.999,7.76,446074.0,600068
4366,2015-11-25,7.836,7.97,8.037,7.77,502618.0,600068
4367,2015-11-26,7.97,7.875,7.999,7.817,451067.0,600068
4368,2015-11-27,7.789,7.274,7.827,7.169,645107.0,600068
4369,2015-11-30,7.274,7.274,7.369,6.969,440596.0,600068
4370,2015-12-01,7.293,7.446,7.493,7.188,414416.0,600068
4371,2015-12-02,7.465,7.674,7.722,7.331,585364.0,600068
4372,2015-12-03,7.636,7.865,7.875,7.57,717652.0,600068
4373,2015-12-04,7.77,7.684,7.808,7.627,415791.0,600068
4374,2015-12-07,7.703,7.674,7.751,7.627,226745.0,600068
4375,2015-12-08,7.627,7.484,7.646,7.436,290428.0,600068
4376,2015-12-09,7.446,7.484,7.503,7.35,237002.0,600068
4377,2015-12-10,7.465,7.369,7.484,7.35,229681.0,600068
4378,2015-12-11,7.322,7.284,7.36,7.226,186448.0,600068
4379,2015-12-14,7.245,7.484,7.493,7.188,246714.0,600068
4380,2015-12-15,7.484,7.465,7.531,7.388,220268.0,600068
4381,2015-12-16,7.465,7.417,7.493,7.407,189877.0,600068
4382,2015-12-17,7.484,7.703,7.789,7.465,622406.0,600068
4383,2015-12-18,7.713,7.589,7.732,7.56,332747.0,600068
4384,2015-12-21,7.56,7.732,7.76,7.531,501101.0,600068
4385,2015-12-22,7.703,7.779,7.798,7.608,495075.0,600068
4386,2015-12-23,7.741,7.684,7.77,7.674,395227.0,600068
4387,2015-12-24,7.665,7.589,7.713,7.503,282201.0,600068
4388,2015-12-25,7.589,7.627,7.674,7.589,208679.0,600068
4389,2015-12-28,7.636,7.465,7.665,7.388,377815.0,600068
4390,2015-12-29,7.436,7.493,7.493,7.398,203270.0,600068
4391,2015-12-30,7.627,7.579,7.665,7.531,300501.0,600068
4392,2015-12-31,7.579,7.503,7.598,7.493,187221.0,600068
4393,2016-01-04,7.484,6.883,7.493,6.883,244142.0,600068
4394,2016-01-05,6.835,7.017,7.121,6.721,348862.0,600068
4395,2016-01-06,7.017,7.198,7.236,6.978,323515.0,600068
4396,2016-01-07,7.093,6.616,7.093,6.578,85865.0,600068
4397,2016-01-08,6.826,6.769,6.912,6.464,368821.0,600068
4398,2016-01-11,6.673,6.53,6.835,6.359,432783.0,600068
4399,2016-01-12,6.492,6.54,6.569,6.34,263041.0,600068
4400,2016-01-13,6.569,6.445,6.597,6.34,219801.0,600068
4401,2016-01-14,6.292,6.502,6.53,6.178,299862.0,600068
4402,2016-01-15,6.416,6.216,6.473,6.063,279341.0,600068
4403,2016-01-18,6.092,6.168,6.254,6.054,296296.0,600068
4404,2016-01-19,6.168,6.54,6.75,6.082,855592.0,600068
4405,2016-01-20,6.464,6.302,6.549,6.263,590873.0,600068
4406,2016-01-21,6.187,6.044,6.33,5.958,406970.0,600068
4407,2016-01-22,6.111,6.111,6.168,5.958,278957.0,600068
4408,2016-01-25,6.12,6.082,6.149,6.044,247184.0,600068
4409,2016-01-26,5.987,5.472,6.025,5.472,447887.0,600068
4410,2016-01-27,5.52,5.148,5.529,5.015,798463.0,600068
4411,2016-01-28,5.139,4.976,5.167,4.938,436858.0,600068
4412,2016-01-29,4.957,5.167,5.196,4.957,363299.0,600068
4413,2016-02-01,5.158,5.043,5.177,4.957,256013.0,600068
4414,2016-02-02,5.043,5.177,5.243,5.043,343936.0,600068
4415,2016-02-03,5.119,5.139,5.167,5.034,220262.0,600068
4416,2016-02-04,5.148,5.205,5.272,5.139,313203.0,600068
4417,2016-02-05,5.234,5.119,5.243,5.11,250006.0,600068
4418,2016-02-15,4.957,5.043,5.091,4.91,248279.0,600068
4419,2016-02-16,5.081,5.301,5.31,5.053,466832.0,600068
4420,2016-02-17,5.301,5.491,5.51,5.253,771395.0,600068
4421,2016-02-18,5.51,5.482,5.577,5.444,531463.0,600068
4422,2016-02-19,5.472,5.425,5.472,5.348,307421.0,600068
4423,2016-02-22,5.482,5.606,5.625,5.472,524733.0,600068
4424,2016-02-23,5.606,5.539,5.625,5.463,275328.0,600068
4425,2016-02-24,5.51,5.587,5.596,5.425,303673.0,600068
4426,2016-02-25,5.587,5.053,5.587,5.024,515743.0,600068
4427,2016-02-26,5.119,5.119,5.148,5.005,273966.0,600068
4428,2016-02-29,5.129,4.976,5.129,4.814,433410.0,600068
4429,2016-03-01,4.986,5.072,5.11,4.957,273542.0,600068
4430,2016-03-02,5.1,5.358,5.396,5.081,686602.0,600068
4431,2016-03-03,5.415,5.377,5.463,5.32,506816.0,600068
4432,2016-03-04,5.339,5.434,5.482,5.301,704362.0,600068
4433,2016-03-07,5.444,5.491,5.568,5.434,405651.0,600068
4434,2016-03-08,5.501,5.482,5.51,5.31,373397.0,600068
4435,2016-03-09,5.377,5.415,5.434,5.291,315258.0,600068
4436,2016-03-10,5.377,5.329,5.463,5.329,221621.0,600068
4437,2016-03-11,5.329,5.339,5.396,5.272,165847.0,600068
4438,2016-03-14,5.377,5.444,5.548,5.377,479671.0,600068
4439,2016-03-15,5.434,5.482,5.491,5.329,384172.0,600068
4440,2016-03-16,5.444,5.491,5.539,5.425,504391.0,600068
4441,2016-03-17,5.491,5.558,5.606,5.444,454387.0,600068
4442,2016-03-18,5.568,5.606,5.663,5.539,788185.0,600068
4443,2016-03-21,5.672,5.768,5.901,5.606,840436.0,600068
4444,2016-03-22,5.739,5.711,5.787,5.663,379384.0,600068
4445,2016-03-23,5.672,5.711,5.72,5.653,286753.0,600068
4446,2016-03-24,5.682,5.558,5.682,5.548,319312.0,600068
4447,2016-03-25,5.568,5.606,5.606,5.548,202858.0,600068
4448,2016-03-28,5.663,5.606,5.701,5.587,257184.0,600068
4449,2016-03-29,5.596,5.52,5.615,5.501,286182.0,600068
4450,2016-03-30,5.596,5.663,5.663,5.577,306902.0,600068
4451,2016-03-31,5.691,5.739,5.796,5.644,474590.0,600068
4452,2016-04-01,5.739,5.749,5.768,5.615,372455.0,600068
4453,2016-04-05,5.749,5.93,6.035,5.73,811994.0,600068
4454,2016-04-06,5.901,5.987,6.054,5.882,491256.0,600068
4455,2016-04-07,5.987,5.806,6.006,5.796,415915.0,600068
4456,2016-04-08,5.815,5.777,5.834,5.72,274288.0,600068
4457,2016-04-11,5.806,5.949,5.968,5.806,360949.0,600068
4458,2016-04-12,5.949,5.892,5.949,5.825,205798.0,600068
4459,2016-04-13,5.939,6.035,6.082,5.901,662002.0,600068
4460,2016-04-14,6.035,6.054,6.063,5.987,253545.0,600068
4461,2016-04-15,6.044,6.016,6.092,5.997,280919.0,600068
4462,2016-04-18,5.997,5.882,6.006,5.844,239747.0,600068
4463,2016-04-19,5.911,5.939,5.958,5.873,206500.0,600068
4464,2016-04-20,5.958,5.768,5.958,5.577,472884.0,600068
4465,2016-04-21,5.72,5.663,5.777,5.653,221303.0,600068
4466,2016-04-22,5.644,5.672,5.682,5.615,141194.0,600068
4467,2016-04-25,5.682,5.625,5.691,5.568,136290.0,600068
4468,2016-04-26,5.625,5.644,5.682,5.596,172443.0,600068
4469,2016-04-27,5.653,5.663,5.73,5.634,181176.0,600068
4470,2016-04-28,5.634,5.634,5.682,5.548,143705.0,600068
4471,2016-04-29,5.615,5.644,5.682,5.596,124659.0,600068
4472,2016-05-03,5.653,5.806,5.873,5.644,390224.0,600068
4473,2016-05-04,5.806,5.834,5.882,5.777,249171.0,600068
4474,2016-05-05,5.834,5.901,5.901,5.815,275677.0,600068
4475,2016-05-06,5.901,5.72,5.911,5.72,253731.0,600068
4476,2016-05-09,5.72,5.625,5.777,5.596,255487.0,600068
4477,2016-05-10,5.634,5.596,5.672,5.548,240230.0,600068
4478,2016-05-11,5.625,5.758,5.806,5.568,410565.0,600068
4479,2016-05-12,5.701,5.739,5.787,5.625,259934.0,600068
4480,2016-05-13,5.758,5.806,5.93,5.739,456834.0,600068
4481,2016-05-16,5.749,5.834,5.834,5.73,220096.0,600068
4482,2016-05-17,5.825,5.758,5.834,5.749,201594.0,600068
4483,2016-05-18,5.701,5.672,5.72,5.577,247688.0,600068
4484,2016-05-19,5.653,5.634,5.701,5.625,132560.0,600068
4485,2016-05-20,5.587,5.634,5.634,5.577,131197.0,600068
4486,2016-05-23,5.625,5.625,5.663,5.577,199835.0,600068
4487,2016-05-24,5.625,5.52,5.625,5.501,234138.0,600068
4488,2016-05-25,5.539,5.463,5.587,5.463,180251.0,600068
4489,2016-05-26,5.472,5.463,5.51,5.348,170822.0,600068
4490,2016-05-27,5.472,5.444,5.482,5.425,107400.0,600068
4491,2016-05-30,5.444,5.453,5.51,5.377,113949.0,600068
4492,2016-05-31,5.444,5.625,5.634,5.434,382076.0,600068
4493,2016-06-01,5.615,5.644,5.72,5.596,259455.0,600068
4494,2016-06-02,5.663,5.634,5.672,5.596,158150.0,600068
4495,2016-06-03,5.663,5.634,5.663,5.587,179144.0,600068
4496,2016-06-06,5.634,5.663,5.701,5.625,158006.0,600068
4497,2016-06-07,5.653,5.625,5.672,5.606,128401.0,600068
4498,2016-06-08,5.606,5.634,5.653,5.596,119440.0,600068
4499,2016-06-13,5.596,5.444,5.596,5.434,153489.0,600068
4500,2016-06-14,5.434,5.434,5.472,5.396,104204.0,600068
4501,2016-06-15,5.396,5.558,5.587,5.377,200427.0,600068
4502,2016-06-16,5.539,5.463,5.539,5.434,217625.0,600068
4503,2016-06-17,5.472,5.52,5.548,5.472,230722.0,600068
4504,2016-06-20,5.529,5.587,5.625,5.529,175797.0,600068
4505,2016-06-21,5.596,5.568,5.653,5.548,196350.0,600068
4506,2016-06-22,5.615,5.625,5.644,5.577,141954.0,600068
4507,2016-06-23,5.625,5.606,5.644,5.577,97051.0,600068
4508,2016-06-24,5.615,5.539,5.672,5.444,170443.0,600068
4509,2016-06-27,5.52,5.606,5.606,5.501,113911.0,600068
4510,2016-06-28,5.587,5.625,5.634,5.568,195233.0,600068
4511,2016-06-29,5.644,5.768,5.863,5.625,535908.0,600068
4512,2016-06-30,5.768,5.709,5.778,5.689,254263.0,600068
4513,2016-07-01,5.699,5.689,5.729,5.679,144566.0,600068
4514,2016-07-04,5.768,5.915,5.944,5.768,581237.0,600068
4515,2016-07-05,5.925,6.248,6.307,5.915,926540.0,600068
4516,2016-07-06,6.248,6.199,6.297,6.101,577372.0,600068
4517,2016-07-07,6.199,6.18,6.258,6.131,389821.0,600068
4518,2016-07-08,6.199,6.052,6.199,6.023,433045.0,600068
4519,2016-07-11,6.082,6.052,6.121,6.033,294902.0,600068
4520,2016-07-12,6.082,6.229,6.229,6.062,563176.0,600068
4521,2016-07-13,6.327,6.435,6.523,6.268,903950.0,600068
4522,2016-07-14,6.386,6.327,6.445,6.288,367071.0,600068
4523,2016-07-15,6.356,6.346,6.464,6.288,317507.0,600068
4524,2016-07-18,6.435,6.454,6.552,6.405,597929.0,600068
4525,2016-07-19,6.445,6.376,6.474,6.307,345018.0,600068
4526,2016-07-20,6.376,6.415,6.523,6.356,309330.0,600068
4527,2016-07-21,6.425,6.543,6.611,6.415,540004.0,600068
4528,2016-07-22,6.552,6.425,6.572,6.376,382516.0,600068
4529,2016-07-25,6.396,6.327,6.445,6.278,292645.0,600068
4530,2016-07-26,6.278,6.376,6.386,6.278,215962.0,600068
4531,2016-07-27,6.376,6.317,6.552,6.082,585680.0,600068
4532,2016-07-28,6.278,6.435,6.464,6.209,392533.0,600068
4533,2016-07-29,6.611,6.817,7.082,6.611,1713913.0,600068
4534,2016-08-01,6.67,6.7,6.964,6.641,929772.0,600068
4535,2016-08-02,6.7,6.974,7.023,6.69,881347.0,600068
4536,2016-08-03,6.876,6.984,7.013,6.847,578718.0,600068
4537,2016-08-04,6.964,7.102,7.131,6.876,764308.0,600068
4538,2016-08-05,7.033,6.915,7.19,6.906,606102.0,600068
4539,2016-08-08,6.866,7.288,7.357,6.837,812658.0,600068
4540,2016-08-09,7.259,7.867,7.994,7.259,1340924.0,600068
4541,2016-08-10,7.818,7.818,7.877,7.73,855437.0,600068
4542,2016-08-11,7.837,7.563,7.857,7.514,828213.0,600068
4543,2016-08-12,7.592,7.631,7.808,7.543,660429.0,600068
4544,2016-08-15,7.7,8.142,8.279,7.7,1284184.0,600068
4545,2016-08-16,8.142,8.034,8.426,7.955,1022845.0,600068
4546,2016-08-17,7.975,8.112,8.21,7.926,647509.0,600068
4547,2016-08-18,8.122,8.034,8.24,7.994,511256.0,600068
4548,2016-08-19,8.034,7.955,8.034,7.828,507385.0,600068
4549,2016-08-22,7.926,7.896,8.053,7.788,567313.0,600068
4550,2016-08-23,7.896,7.936,7.994,7.847,385905.0,600068
4551,2016-08-24,7.896,7.857,7.994,7.847,335234.0,600068
4552,2016-08-25,7.828,7.779,7.926,7.651,331959.0,600068
4553,2016-08-26,7.779,8.053,8.171,7.779,814596.0,600068
4554,2016-08-29,8.073,8.2,8.495,7.994,1103544.0,600068
4555,2016-08-30,8.289,8.142,8.308,8.043,448429.0,600068
4556,2016-08-31,8.092,8.142,8.269,8.053,368574.0,600068
4557,2016-09-01,8.151,7.945,8.191,7.906,389539.0,600068
4558,2016-09-02,7.945,7.985,8.014,7.867,295305.0,600068
4559,2016-09-05,8.024,8.112,8.181,7.975,353282.0,600068
4560,2016-09-06,8.122,8.436,8.436,8.053,825061.0,600068
4561,2016-09-07,8.485,8.642,9.015,8.485,1161517.0,600068
4562,2016-09-08,8.632,8.769,8.907,8.603,536412.0,600068
4563,2016-09-09,8.769,8.524,8.799,8.455,418441.0,600068
4564,2016-09-12,8.338,8.328,8.397,8.073,782910.0,600068
4565,2016-09-13,8.318,8.053,8.348,7.916,815413.0,600068
4566,2016-09-14,7.975,7.877,7.994,7.759,451787.0,600068
4567,2016-09-19,7.936,8.043,8.132,7.926,422150.0,600068
4568,2016-09-20,8.063,7.965,8.21,7.906,398196.0,600068
4569,2016-09-21,7.955,7.955,8.014,7.847,261790.0,600068
4570,2016-09-22,8.034,8.083,8.142,7.975,394012.0,600068
4571,2016-09-23,8.092,8.308,8.367,8.043,549590.0,600068
4572,2016-09-26,8.24,7.985,8.426,7.965,557267.0,600068
4573,2016-09-27,7.945,7.788,8.014,7.524,726300.0,600068
4574,2016-09-28,7.759,7.661,7.779,7.602,300891.0,600068
4575,2016-09-29,7.631,7.661,7.788,7.631,274169.0,600068
4576,2016-09-30,7.631,7.759,7.788,7.622,283700.0,600068
4577,2016-10-10,7.808,8.073,8.151,7.808,408742.0,600068
4578,2016-10-11,8.073,8.034,8.112,7.994,243100.0,600068
4579,2016-10-12,8.024,8.249,8.279,8.004,442135.0,600068
4580,2016-10-13,8.289,8.318,8.446,8.181,516563.0,600068
4581,2016-10-14,8.348,8.328,8.475,8.21,441880.0,600068
4582,2016-10-17,8.377,8.073,8.387,7.994,417428.0,600068
4583,2016-10-18,8.034,8.495,8.534,8.004,817638.0,600068
4584,2016-10-19,8.455,8.387,8.583,8.377,459173.0,600068
4585,2016-10-20,8.377,8.298,8.465,8.249,294450.0,600068
4586,2016-10-21,8.279,8.485,8.71,8.269,877652.0,600068
4587,2016-10-24,8.544,8.828,8.926,8.514,1051187.0,600068
4588,2016-10-25,8.75,8.72,8.789,8.534,694302.0,600068
4589,2016-10-26,8.681,8.573,8.681,8.504,503373.0,600068
4590,2016-10-27,8.534,8.406,8.563,8.269,561469.0,600068
4591,2016-10-28,8.387,8.289,8.465,8.269,312514.0,600068
4592,2016-10-31,8.338,8.436,8.524,8.318,425166.0,600068
4593,2016-11-01,8.455,8.465,8.504,8.377,290138.0,600068
4594,2016-11-02,8.455,8.191,8.495,8.102,657087.0,600068
4595,2016-11-03,8.191,8.455,8.573,8.092,901505.0,600068
4596,2016-11-04,8.416,8.406,8.72,8.357,759411.0,600068
4597,2016-11-07,8.387,8.593,8.681,8.367,674295.0,600068
4598,2016-11-08,8.632,8.573,8.71,8.524,482021.0,600068
4599,2016-11-09,8.544,8.397,8.563,8.22,650974.0,600068
4600,2016-11-10,8.524,8.504,8.71,8.485,651148.0,600068
4601,2016-11-11,8.524,8.789,8.907,8.465,1219630.0,600068
4602,2016-11-14,8.759,8.769,9.113,8.671,1706684.0,600068
4603,2016-11-15,8.74,8.642,8.828,8.593,617689.0,600068
4604,2016-11-16,8.612,8.573,8.661,8.534,404002.0,600068
4605,2016-11-17,8.534,8.691,8.759,8.495,497511.0,600068
4606,2016-11-18,8.75,8.691,8.877,8.671,563151.0,600068
4607,2016-11-21,8.73,8.73,9.113,8.573,1775739.0,600068
4608,2016-11-22,8.691,8.73,9.024,8.661,1588103.0,600068
4609,2016-11-23,8.75,8.73,8.907,8.661,1067785.0,600068
4610,2016-11-24,8.838,9.456,9.495,8.838,2459532.0,600068
4611,2016-11-25,9.368,9.505,9.672,9.201,1689430.0,600068
4612,2016-11-28,9.613,9.652,10.094,9.583,2555364.0,600068
4613,2016-11-29,9.652,9.799,10.094,9.436,2064452.0,600068
4614,2016-11-30,9.682,9.407,9.799,9.289,1402180.0,600068
4615,2016-12-01,9.417,9.466,9.505,9.25,1101079.0,600068
4616,2016-12-02,9.446,9.613,9.868,9.358,1490952.0,600068
4617,2016-12-05,9.358,8.956,9.358,8.848,1663665.0,600068
4618,2016-12-06,8.956,8.838,9.015,8.769,831485.0,600068
4619,2016-12-07,8.848,9.054,9.103,8.799,612606.0,600068
4620,2016-12-08,9.073,8.936,9.083,8.907,408039.0,600068
4621,2016-12-09,8.926,9.073,9.191,8.887,763389.0,600068
4622,2016-12-12,9.024,8.652,9.034,8.416,1307078.0,600068
4623,2016-12-13,8.573,8.524,8.661,8.367,598095.0,600068
4624,2016-12-14,8.534,8.367,8.612,8.357,546284.0,600068
4625,2016-12-15,8.348,8.269,8.416,8.132,615560.0,600068
4626,2016-12-16,8.269,8.348,8.397,8.171,382792.0,600068
4627,2016-12-19,8.377,8.308,8.377,8.22,337182.0,600068
4628,2016-12-20,8.318,8.289,8.367,8.191,281766.0,600068
4629,2016-12-21,8.298,8.455,8.495,8.24,523503.0,600068
4630,2016-12-22,8.436,8.504,8.524,8.377,365932.0,600068
4631,2016-12-23,8.495,8.485,8.612,8.416,454516.0,600068
4632,2016-12-26,8.436,8.701,8.779,8.259,569292.0,600068
4633,2016-12-27,9.113,8.926,9.299,8.907,1096612.0,600068
4634,2016-12-28,8.975,8.907,9.054,8.838,453037.0,600068
4635,2016-12-29,8.838,9.015,9.113,8.818,491150.0,600068
4636,2016-12-30,9.015,9.015,9.103,8.848,347100.0,600068
4637,2017-01-03,9.015,9.073,9.171,8.975,367390.0,600068
4638,2017-01-04,9.044,9.064,9.103,9.005,377876.0,600068
4639,2017-01-05,9.093,8.946,9.132,8.897,413087.0,600068
4640,2017-01-06,9.005,9.103,9.181,8.965,647918.0,600068
4641,2017-01-09,9.113,9.407,9.515,9.083,723277.0,600068
4642,2017-01-10,9.377,9.319,9.397,9.221,458776.0,600068
4643,2017-01-11,9.319,9.005,9.338,8.985,548499.0,600068
4644,2017-01-12,9.093,8.916,9.093,8.887,291203.0,600068
4645,2017-01-13,8.975,8.965,9.005,8.858,298334.0,600068
4646,2017-01-16,9.044,9.054,9.073,8.71,697867.0,600068
4647,2017-01-17,9.034,9.054,9.064,8.907,195433.0,600068
4648,2017-01-18,9.054,9.289,9.446,9.044,773089.0,600068
4649,2017-01-19,9.23,9.368,9.564,9.221,701390.0,600068
4650,2017-01-20,9.348,9.407,9.544,9.338,343945.0,600068
4651,2017-01-23,9.417,9.623,9.672,9.417,537263.0,600068
4652,2017-01-24,9.613,9.603,9.662,9.495,360306.0,600068
4653,2017-01-25,9.593,9.809,9.897,9.515,613850.0,600068
4654,2017-01-26,9.858,9.721,10.025,9.672,485395.0,600068
4655,2017-02-03,9.701,9.682,9.77,9.623,286978.0,600068
4656,2017-02-06,9.662,10.005,10.035,9.632,696875.0,600068
4657,2017-02-07,9.986,9.799,9.995,9.76,541174.0,600068
4658,2017-02-08,9.809,9.888,9.897,9.721,463570.0,600068
4659,2017-02-09,9.809,10.094,10.29,9.809,975617.0,600068
4660,2017-02-10,10.103,10.653,10.721,10.103,1440635.0,600068
4661,2017-02-13,10.77,10.662,11.153,10.515,1413827.0,600068
4662,2017-02-14,10.692,11.3,11.329,10.515,1441766.0,600068
4663,2017-02-15,11.231,11.035,11.231,10.927,1101455.0,600068
4664,2017-02-16,10.957,11.104,11.202,10.937,698078.0,600068
4665,2017-02-17,11.104,10.721,11.123,10.574,1120401.0,600068
4666,2017-02-20,10.653,10.908,11.035,10.653,862992.0,600068
4667,2017-02-21,10.937,10.81,10.947,10.702,689463.0,600068
4668,2017-02-22,10.79,11.025,11.055,10.702,773435.0,600068
4669,2017-02-23,11.025,10.692,11.025,10.633,918884.0,600068
4670,2017-02-24,10.692,10.604,10.692,10.407,760817.0,600068
4671,2017-02-27,10.594,10.623,10.761,10.505,537157.0,600068
4672,2017-02-28,10.594,10.868,10.908,10.515,655419.0,600068
4673,2017-03-01,10.849,10.8,10.996,10.751,665348.0,600068
4674,2017-03-02,10.819,10.535,10.868,10.505,610070.0,600068
4675,2017-03-03,10.466,10.476,10.584,10.26,682411.0,600068
4676,2017-03-06,10.417,10.476,10.604,10.368,569388.0,600068
4677,2017-03-07,10.447,10.358,10.476,10.29,499152.0,600068
4678,2017-03-08,10.329,10.437,10.574,10.3,513223.0,600068
4679,2017-03-09,10.525,10.505,10.662,10.437,607242.0,600068
4680,2017-03-10,10.427,10.358,10.486,10.329,382024.0,600068
4681,2017-03-13,10.358,10.77,10.78,10.349,812633.0,600068
4682,2017-03-14,10.77,10.79,10.819,10.672,559508.0,600068
4683,2017-03-15,10.751,10.888,10.937,10.643,677357.0,600068
4684,2017-03-16,10.986,11.016,11.222,10.917,797646.0,600068
4685,2017-03-17,11.016,10.908,11.182,10.839,558717.0,600068
4686,2017-03-20,10.976,11.025,11.094,10.79,544946.0,600068
4687,2017-03-21,11.045,11.516,11.575,11.045,1160522.0,600068
4688,2017-03-22,11.496,11.987,12.34,11.398,1556680.0,600068
4689,2017-03-23,12.016,11.928,12.104,11.575,941357.0,600068
4690,2017-03-24,11.957,11.938,12.251,11.702,1196770.0,600068
4691,2017-03-27,11.918,11.653,12.212,11.634,807269.0,600068
4692,2017-03-28,11.604,11.653,11.8,11.447,502763.0,600068
4693,2017-03-29,11.653,11.84,12.016,11.526,620259.0,600068
4694,2017-03-30,11.869,11.634,12.016,11.477,788670.0,600068
4695,2017-03-31,11.653,11.545,11.761,11.32,456280.0,600068
4696,2017-04-05,11.771,11.908,11.996,11.575,1001073.0,600068
4697,2017-04-06,12.006,12.428,12.507,11.859,1252437.0,600068
4698,2017-04-07,12.359,12.438,12.693,12.222,731374.0,600068
4699,2017-04-10,12.457,12.585,12.801,12.359,715807.0,600068
4700,2017-04-11,12.84,12.663,12.889,12.134,931525.0,600068
4701,2017-04-12,12.644,12.487,12.752,12.408,464671.0,600068
4702,2017-04-13,12.477,12.477,12.585,12.359,309081.0,600068
4703,2017-04-14,12.487,12.477,12.654,12.369,485027.0,600068
4704,2017-04-17,12.457,12.556,12.605,12.271,461519.0,600068
4705,2017-04-18,12.556,12.801,12.997,12.516,915668.0,600068
4706,2017-04-19,12.703,12.673,12.82,12.399,674822.0,600068
4707,2017-04-20,12.624,13.115,13.134,12.526,1068434.0,600068
4708,2017-04-21,13.134,12.899,13.213,12.683,843884.0,600068
4709,2017-04-24,12.83,11.732,12.83,11.614,1677361.0,600068
4710,2017-04-25,11.526,11.378,11.722,10.898,1102674.0,600068
4711,2017-04-26,11.408,11.506,11.555,11.261,775673.0,600068
4712,2017-04-27,11.457,11.81,11.859,10.957,1003880.0,600068
4713,2017-04-28,11.771,11.712,11.81,11.408,687045.0,600068
4714,2017-05-02,11.526,11.967,12.016,11.516,780444.0,600068
4715,2017-05-03,11.987,11.957,12.232,11.82,632013.0,600068
4716,2017-05-04,11.879,11.761,12.114,11.486,1089464.0,600068
4717,2017-05-05,11.614,11.447,11.643,11.29,877495.0,600068
4718,2017-05-08,11.359,10.761,11.575,10.329,1617460.0,600068
4719,2017-05-09,10.594,10.584,10.741,10.358,683763.0,600068
4720,2017-05-10,10.721,10.319,10.829,10.3,660774.0,600068
4721,2017-05-11,10.201,10.702,10.721,10.152,735324.0,600068
4722,2017-05-12,10.662,10.653,10.859,10.594,669794.0,600068
4723,2017-05-15,10.761,10.064,10.829,9.937,1069619.0,600068
4724,2017-05-16,10.025,10.182,10.26,9.662,1100950.0,600068
4725,2017-05-17,10.162,10.398,10.653,10.103,919232.0,600068
4726,2017-05-18,10.29,10.358,10.604,10.162,507222.0,600068
4727,2017-05-19,10.329,10.074,10.437,10.035,537147.0,600068
4728,2017-05-22,10.054,9.848,10.113,9.77,636162.0,600068
4729,2017-05-23,9.789,9.515,9.819,9.289,983847.0,600068
4730,2017-05-24,9.456,9.544,9.554,9.171,532545.0,600068
4731,2017-05-25,9.505,9.819,9.858,9.368,807335.0,600068
4732,2017-05-26,9.858,9.995,10.172,9.799,818175.0,600068
4733,2017-05-31,10.221,9.976,10.25,9.907,551246.0,600068
4734,2017-06-01,9.917,9.74,9.946,9.662,612186.0,600068
4735,2017-06-02,9.74,9.809,9.878,9.515,514684.0,600068
4736,2017-06-05,9.878,10.172,10.182,9.819,738683.0,600068
4737,2017-06-06,10.035,10.074,10.143,9.976,501852.0,600068
4738,2017-06-07,10.054,10.3,10.358,10.054,707111.0,600068
4739,2017-06-08,10.29,10.662,10.672,10.29,931245.0,600068
4740,2017-06-09,10.692,10.957,11.084,10.594,1085973.0,600068
4741,2017-06-12,10.967,10.888,11.025,10.81,493235.0,600068
4742,2017-06-13,10.888,10.878,10.986,10.761,508296.0,600068
4743,2017-06-14,10.898,10.633,10.967,10.584,605805.0,600068
4744,2017-06-15,10.604,10.594,10.711,10.456,591232.0,600068
4745,2017-06-16,10.574,10.466,10.594,10.378,482062.0,600068
4746,2017-06-19,10.545,10.839,10.849,10.515,846181.0,600068
4747,2017-06-20,10.839,10.77,11.065,10.751,720559.0,600068
4748,2017-06-21,10.908,10.849,10.957,10.692,472949.0,600068
4749,2017-06-22,10.859,10.702,10.957,10.692,685100.0,600068
4750,2017-06-23,10.653,10.78,10.81,10.496,555841.0,600068
4751,2017-06-26,10.75,11.11,11.15,10.72,818535.0,600068
4752,2017-06-27,11.11,11.09,11.48,11.08,809023.0,600068
4753,2017-06-28,11.09,11.08,11.09,10.9,457653.0,600068
4754,2017-06-29,11.06,11.22,11.35,11.05,624992.0,600068
4755,2017-06-30,11.18,11.24,11.35,11.1,444492.0,600068
4756,2017-07-03,11.25,11.32,11.47,11.24,598869.0,600068
4757,2017-07-04,11.33,10.91,11.33,10.89,907898.0,600068
4758,2017-07-05,10.91,11.09,11.1,10.8,464501.0,600068
4759,2017-07-06,11.11,11.24,11.3,11.11,686821.0,600068
4760,2017-07-07,11.28,11.11,11.28,11.06,453170.0,600068
4761,2017-07-10,11.18,11.33,11.38,11.1,827622.0,600068
4762,2017-07-11,11.33,11.17,11.34,11.1,554744.0,600068
4763,2017-07-12,11.1,10.97,11.14,10.89,669868.0,600068
4764,2017-07-13,10.9,11.38,11.39,10.9,1183242.0,600068
4765,2017-07-14,11.38,11.37,11.54,11.28,786513.0,600068
4766,2017-07-17,11.33,11.05,11.47,10.89,925696.0,600068
4767,2017-07-18,11.0,11.29,11.3,10.85,939049.0,600068
4768,2017-07-19,11.27,11.82,11.93,11.14,2003024.0,600068
4769,2017-07-20,11.81,11.83,12.13,11.75,1208021.0,600068
4770,2017-07-21,11.86,11.97,12.19,11.86,1059237.0,600068
4771,2017-07-24,11.92,11.94,12.34,11.77,987709.0,600068
4772,2017-07-25,11.99,11.65,12.01,11.48,1086329.0,600068
4773,2017-07-26,11.66,11.57,11.7,11.39,722324.0,600068
4774,2017-07-27,11.55,11.39,11.55,11.22,768272.0,600068
4775,2017-07-28,11.36,11.42,11.5,11.3,564211.0,600068
4776,2017-07-31,11.35,11.38,11.45,11.2,656645.0,600068
4777,2017-08-01,11.42,11.56,11.63,11.35,749052.0,600068
4778,2017-08-02,11.56,10.94,11.59,10.88,1854759.0,600068
4779,2017-08-03,10.92,10.47,10.92,10.33,1823722.0,600068
4780,2017-08-04,10.42,10.52,10.66,10.41,685252.0,600068
4781,2017-08-07,10.52,10.55,10.62,10.4,553140.0,600068
4782,2017-08-08,10.55,10.56,10.63,10.44,467792.0,600068
4783,2017-08-09,10.51,10.38,10.55,10.3,635186.0,600068
4784,2017-08-10,10.38,10.27,10.46,10.2,560731.0,600068
4785,2017-08-11,10.27,10.09,10.38,10.08,504629.0,600068
4786,2017-08-14,10.09,10.49,10.52,10.09,721399.0,600068
4787,2017-08-15,10.49,10.39,10.54,10.35,354116.0,600068
4788,2017-08-16,10.39,10.39,10.46,10.3,325195.0,600068
4789,2017-08-17,10.4,10.57,10.63,10.37,658622.0,600068
4790,2017-08-18,10.5,10.55,10.67,10.46,492702.0,600068
4791,2017-08-21,10.6,10.57,10.68,10.49,381611.0,600068
4792,2017-08-22,10.62,10.45,10.67,10.4,469186.0,600068
4793,2017-08-23,10.45,10.32,10.49,10.29,386916.0,600068
4794,2017-08-24,10.32,10.2,10.33,10.12,498302.0,600068
4795,2017-08-25,10.2,10.55,10.58,10.16,808861.0,600068
4796,2017-08-28,10.51,10.66,10.81,10.49,1023246.0,600068
4797,2017-08-29,10.68,10.61,10.75,10.59,434000.0,600068
4798,2017-08-30,10.61,10.66,10.75,10.57,403556.0,600068
4799,2017-08-31,10.76,10.63,10.78,10.5,508038.0,600068
4800,2017-09-01,10.6,10.54,10.67,10.49,463792.0,600068
4801,2017-09-04,10.5,10.5,10.54,10.37,528231.0,600068
4802,2017-09-05,10.5,10.44,10.52,10.39,386179.0,600068
4803,2017-09-06,10.39,10.54,10.65,10.33,1037713.0,600068
4804,2017-09-07,10.49,10.34,10.52,10.32,543213.0,600068
4805,2017-09-08,10.4,10.33,10.43,10.3,371283.0,600068
4806,2017-09-11,10.32,10.32,10.38,10.27,444195.0,600068
4807,2017-09-12,10.35,10.24,10.44,10.22,640558.0,600068
4808,2017-09-13,10.27,10.34,10.37,10.23,425313.0,600068
4809,2017-09-14,10.33,10.43,10.45,10.32,485668.0,600068
4810,2017-09-15,10.45,10.87,10.94,10.41,1954343.0,600068
4811,2017-09-18,10.95,11.11,11.3,10.91,1509119.0,600068
4812,2017-09-19,11.11,10.92,11.17,10.81,950037.0,600068
4813,2017-09-20,10.9,10.8,10.99,10.68,678447.0,600068
4814,2017-09-21,10.94,10.78,10.97,10.72,573241.0,600068
4815,2017-09-22,10.75,10.64,10.75,10.6,455018.0,600068
4816,2017-09-25,10.63,10.58,10.73,10.56,342159.0,600068
4817,2017-09-26,10.58,10.63,10.67,10.55,275437.0,600068
4818,2017-09-27,10.66,10.49,10.66,10.4,550473.0,600068
4819,2017-09-28,10.5,10.37,10.57,10.27,628475.0,600068
4820,2017-09-29,10.37,10.38,10.44,10.3,339217.0,600068
4821,2017-10-09,10.51,10.56,10.76,10.51,637008.0,600068
4822,2017-10-10,10.57,10.46,10.58,10.39,423881.0,600068
4823,2017-10-11,10.48,10.74,10.75,10.46,830962.0,600068
4824,2017-10-12,10.72,10.6,10.77,10.54,420159.0,600068
4825,2017-10-13,10.6,10.66,10.68,10.55,398799.0,600068
4826,2017-10-16,10.77,10.54,10.81,10.51,445582.0,600068
4827,2017-10-17,10.52,10.44,10.53,10.41,359961.0,600068
4828,2017-10-18,10.44,10.46,10.54,10.42,313280.0,600068
4829,2017-10-19,10.44,10.15,10.45,10.12,643946.0,600068
4830,2017-10-20,10.09,10.19,10.2,10.06,294958.0,600068
4831,2017-10-23,10.17,10.08,10.18,9.91,652356.0,600068
4832,2017-10-24,10.04,10.19,10.2,9.99,559742.0,600068
4833,2017-10-25,10.19,10.15,10.28,10.11,359100.0,600068
4834,2017-10-26,10.11,10.34,10.46,10.02,916717.0,600068
4835,2017-10-27,10.34,10.22,10.41,10.2,463096.0,600068
4836,2017-10-30,10.25,10.09,10.27,9.86,740974.0,600068
4837,2017-10-31,9.98,9.83,10.03,9.73,676387.0,600068
4838,2017-11-01,9.84,9.91,9.95,9.71,690533.0,600068
4839,2017-11-02,9.9,9.61,9.91,9.54,837492.0,600068
4840,2017-11-03,9.6,9.32,9.64,9.15,950940.0,600068
4841,2017-11-06,9.26,9.16,9.26,9.04,573931.0,600068
4842,2017-11-07,9.13,9.23,9.25,9.11,376121.0,600068
4843,2017-11-08,9.23,9.26,9.31,9.2,398499.0,600068
4844,2017-11-09,9.28,9.36,9.39,9.24,341052.0,600068
4845,2017-11-10,9.34,9.15,9.36,9.11,611227.0,600068
4846,2017-11-13,9.15,9.07,9.21,9.04,510289.0,600068
4847,2017-11-14,9.12,9.3,9.45,9.11,809357.0,600068
4848,2017-11-15,9.3,9.22,9.3,9.11,360627.0,600068
4849,2017-11-16,9.17,9.17,9.28,9.12,285019.0,600068
4850,2017-11-17,9.17,9.24,9.25,8.99,831728.0,600068
4851,2017-11-20,9.18,9.22,9.22,9.03,284626.0,600068
4852,2017-11-21,9.21,9.43,9.5,9.16,686600.0,600068
4853,2017-11-22,9.48,9.5,9.57,9.33,624272.0,600068
4854,2017-11-23,9.5,9.2,9.5,9.17,473720.0,600068
4855,2017-11-24,9.22,9.22,9.24,9.12,241574.0,600068
4856,2017-11-27,9.28,9.23,9.29,9.15,258664.0,600068
4857,2017-11-28,9.18,9.1,9.21,9.03,415532.0,600068
4858,2017-11-29,9.13,9.12,9.14,9.03,293468.0,600068
4859,2017-11-30,9.08,9.08,9.15,9.01,294842.0,600068
4860,2017-12-01,9.05,9.09,9.11,9.03,192291.0,600068
4861,2017-12-04,9.09,9.03,9.09,8.97,306876.0,600068
4862,2017-12-05,9.01,9.16,9.24,9.01,685414.0,600068
4863,2017-12-06,9.15,9.08,9.15,9.0,276332.0,600068
4864,2017-12-07,9.05,9.03,9.12,9.01,222975.0,600068
4865,2017-12-08,9.02,9.05,9.09,9.01,201653.0,600068
4866,2017-12-11,9.04,9.05,9.06,8.98,330692.0,600068
