,date,open,close,high,low,volume,code
0,2001-03-05,4.944,4.787,4.947,4.666,231140.81,600335
1,2001-03-06,4.769,4.769,4.81,4.734,38006.19,600335
2,2001-03-07,4.774,4.792,4.821,4.755,18665.85,600335
3,2001-03-08,4.795,4.716,4.816,4.698,24686.95,600335
4,2001-03-09,4.716,4.737,4.795,4.677,17801.35,600335
5,2001-03-12,4.716,4.844,4.855,4.687,16186.29,600335
6,2001-03-13,4.826,4.847,4.884,4.808,16948.9,600335
7,2001-03-14,4.847,4.9,4.918,4.821,15744.97,600335
8,2001-03-15,4.9,4.879,4.936,4.855,15690.28,600335
9,2001-03-16,4.879,4.842,4.902,4.837,13110.66,600335
10,2001-03-19,4.837,4.85,4.918,4.821,10013.35,600335
11,2001-03-20,4.847,4.947,4.952,4.842,10480.34,600335
12,2001-03-21,4.975,4.978,5.083,4.973,27461.21,600335
13,2001-03-22,4.978,5.023,5.031,4.955,15014.35,600335
14,2001-03-23,5.049,4.913,5.072,4.907,14503.33,600335
15,2001-03-26,4.913,5.07,5.078,4.913,16872.61,600335
16,2001-03-27,5.083,5.099,5.162,5.078,16030.84,600335
17,2001-03-28,5.099,5.067,5.109,5.031,9727.8,600335
18,2001-03-29,5.065,5.067,5.109,5.044,8442.7,600335
19,2001-03-30,5.109,5.072,5.156,5.031,11783.78,600335
20,2001-04-02,5.083,5.117,5.167,5.062,18022.89,600335
21,2001-04-03,5.122,5.057,5.13,5.007,13821.36,600335
22,2001-04-04,5.057,4.973,5.075,4.965,14506.5,600335
23,2001-04-05,4.952,5.091,5.093,4.926,10428.5,600335
24,2001-04-06,5.109,5.062,5.133,5.036,7929.96,600335
25,2001-04-09,5.059,5.062,5.078,5.025,5503.6,600335
26,2001-04-10,5.062,5.154,5.175,5.062,12031.86,600335
27,2001-04-11,5.162,5.143,5.172,5.109,5303.84,600335
28,2001-04-12,5.143,5.138,5.201,5.104,7967.8,600335
29,2001-04-13,5.138,5.148,5.162,5.083,7170.02,600335
30,2001-04-16,5.148,5.266,5.287,5.109,15480.58,600335
31,2001-04-17,5.269,5.29,5.306,5.201,10500.9,600335
32,2001-04-18,5.287,5.34,5.366,5.23,14658.31,600335
33,2001-04-19,5.34,5.392,5.418,5.287,12639.55,600335
34,2001-04-20,5.41,5.387,5.62,5.371,21362.14,600335
35,2001-04-23,5.358,5.45,5.502,5.34,18724.45,600335
36,2001-04-24,5.455,5.431,5.5,5.403,8159.6,600335
37,2001-04-25,5.431,5.211,5.431,5.162,15655.97,600335
38,2001-04-26,5.167,5.148,5.235,5.112,9563.5,600335
39,2001-04-27,5.07,5.138,5.188,5.07,7181.55,600335
40,2001-05-08,5.201,5.282,5.29,5.156,3705.53,600335
41,2001-05-09,5.285,5.182,5.293,5.156,4372.0,600335
42,2001-05-10,5.162,5.222,5.235,5.162,3001.34,600335
43,2001-05-11,5.227,5.266,5.269,5.193,4440.88,600335
44,2001-05-14,5.279,5.384,5.416,5.279,8533.55,600335
45,2001-05-15,5.397,5.371,5.424,5.319,6531.09,600335
46,2001-05-16,5.374,5.35,5.395,5.313,4768.8,600335
47,2001-05-17,5.35,5.35,5.384,5.334,6990.03,600335
48,2001-05-18,5.35,5.455,5.497,5.35,12239.47,600335
49,2001-05-21,5.463,5.497,5.552,5.463,10105.01,600335
50,2001-05-22,5.497,5.413,5.523,5.405,6625.0,600335
51,2001-05-23,5.413,5.342,5.434,5.261,9182.25,600335
52,2001-05-24,5.324,5.371,5.424,5.321,5512.24,600335
53,2001-05-25,5.392,5.327,5.392,5.293,4702.75,600335
54,2001-05-28,5.319,5.345,5.397,5.266,4021.07,600335
55,2001-05-29,5.319,5.408,5.437,5.293,3624.08,600335
56,2001-05-30,5.4,5.52,5.541,5.4,13714.14,600335
57,2001-05-31,5.502,5.502,5.544,5.476,8241.2,600335
58,2001-06-01,5.518,5.557,5.596,5.502,9117.04,600335
59,2001-06-04,5.581,5.646,5.688,5.581,11375.28,600335
60,2001-06-05,5.649,5.615,5.672,5.602,7795.29,600335
61,2001-06-06,5.62,5.657,5.712,5.555,8017.69,600335
62,2001-06-07,5.672,5.565,5.672,5.555,6600.05,600335
63,2001-06-08,5.555,5.52,5.565,5.471,6506.22,600335
64,2001-06-11,5.52,5.57,5.646,5.502,4895.2,600335
65,2001-06-12,5.581,5.706,5.712,5.581,8360.97,600335
66,2001-06-13,5.738,5.809,5.893,5.712,14905.87,600335
67,2001-06-14,5.782,5.738,5.968,5.712,18962.96,600335
68,2001-06-15,5.699,5.989,6.018,5.68,20278.1,600335
69,2001-06-18,6.026,5.885,6.071,5.837,19478.6,600335
70,2001-06-19,5.864,5.869,5.953,5.79,8401.19,600335
71,2001-06-20,5.869,5.814,5.929,5.79,6112.5,600335
72,2001-06-21,5.774,5.889,5.913,5.771,4768.74,600335
73,2001-06-22,5.913,5.947,5.99,5.862,4944.03,600335
74,2001-06-25,5.947,6.016,6.032,5.923,4508.1,600335
75,2001-06-26,6.03,6.022,6.067,5.982,4520.03,600335
76,2001-06-27,6.003,5.992,6.019,5.958,4123.79,600335
77,2001-06-28,5.992,5.897,6.016,5.878,5842.69,600335
78,2001-06-29,5.897,5.889,5.95,5.859,3721.2,600335
79,2001-07-02,5.883,5.793,5.897,5.777,4598.85,600335
80,2001-07-03,5.771,5.849,5.854,5.766,3272.52,600335
81,2001-07-04,5.851,5.782,5.851,5.771,3525.15,600335
82,2001-07-05,5.75,5.652,5.777,5.644,6370.4,600335
83,2001-07-06,5.644,5.609,5.697,5.585,4925.09,600335
84,2001-07-09,5.58,5.606,5.641,5.54,3500.05,600335
85,2001-07-10,5.657,5.742,5.766,5.644,3225.45,600335
86,2001-07-11,5.745,5.622,5.758,5.617,2620.32,600335
87,2001-07-12,5.59,5.684,5.745,5.564,3288.51,600335
88,2001-07-13,5.71,5.665,5.75,5.657,3935.72,600335
89,2001-07-16,5.745,5.673,5.766,5.665,2741.53,600335
90,2001-07-17,5.668,5.614,5.681,5.543,2993.15,600335
91,2001-07-18,5.617,5.617,5.641,5.561,1924.5,600335
92,2001-07-19,5.63,5.74,5.75,5.614,2332.19,600335
93,2001-07-20,5.766,5.838,5.851,5.724,6481.31,600335
94,2001-07-23,5.854,5.843,5.923,5.822,6227.58,600335
95,2001-07-24,5.822,5.692,5.83,5.644,6321.11,600335
96,2001-07-25,5.665,5.657,5.745,5.614,2941.7,600335
97,2001-07-26,5.638,5.622,5.697,5.609,3430.15,600335
98,2001-07-27,5.625,5.377,5.67,5.354,9037.95,600335
99,2001-07-30,5.324,5.085,5.324,5.058,6116.9,600335
100,2001-07-31,5.058,5.111,5.231,4.983,5165.62,600335
101,2001-08-01,5.165,5.29,5.298,5.138,6128.18,600335
102,2001-08-02,5.314,5.274,5.319,5.111,4426.46,600335
103,2001-08-03,5.258,5.303,5.351,5.231,2954.5,600335
104,2001-08-06,5.244,5.119,5.258,5.085,3910.45,600335
105,2001-08-07,5.125,5.21,5.231,5.018,4130.55,600335
106,2001-08-08,5.21,5.196,5.244,5.111,1655.95,600335
107,2001-08-09,5.204,5.303,5.311,5.204,2588.64,600335
108,2001-08-10,5.327,5.343,5.38,5.298,3508.83,600335
109,2001-08-13,5.343,5.346,5.377,5.287,2180.02,600335
110,2001-08-14,5.058,5.244,5.268,5.058,3811.63,600335
111,2001-08-15,5.218,5.247,5.29,5.194,1197.35,600335
112,2001-08-16,5.244,5.133,5.247,5.125,2098.5,600335
113,2001-08-17,5.146,5.157,5.21,5.111,1691.73,600335
114,2001-08-20,5.133,5.191,5.191,5.111,1061.5,600335
115,2001-08-21,5.218,5.228,5.258,5.194,1169.5,600335
116,2001-08-22,5.228,5.151,5.228,5.125,1707.43,600335
117,2001-08-23,5.106,5.138,5.175,5.047,1376.78,600335
118,2001-08-24,5.138,5.074,5.204,5.066,1206.0,600335
119,2001-08-27,5.085,4.877,5.085,4.877,3931.0,600335
120,2001-08-28,4.872,4.973,4.973,4.805,1968.88,600335
121,2001-08-29,4.973,4.944,5.015,4.925,1271.0,600335
122,2001-08-30,4.938,4.885,4.946,4.858,668.84,600335
123,2001-08-31,4.885,4.88,4.925,4.872,706.65,600335
124,2001-09-03,4.888,4.768,4.92,4.76,1946.7,600335
125,2001-09-04,4.739,4.912,4.912,4.725,2434.5,600335
126,2001-09-05,4.938,4.957,5.031,4.938,2264.02,600335
127,2001-09-06,4.952,4.914,4.991,4.904,1055.5,600335
128,2001-09-07,4.893,4.794,4.912,4.792,1507.02,600335
129,2001-09-10,4.725,4.906,4.952,4.688,1120.0,600335
130,2001-09-11,4.893,4.898,4.949,4.872,1448.13,600335
131,2001-09-12,4.845,4.813,4.872,4.699,2668.74,600335
132,2001-09-13,4.84,4.845,4.925,4.818,1247.03,600335
133,2001-09-14,4.858,4.768,4.893,4.76,953.0,600335
134,2001-09-17,4.739,4.707,4.84,4.707,1606.0,600335
135,2001-09-18,4.707,4.712,4.818,4.659,1952.86,600335
136,2001-09-19,4.787,4.792,4.805,4.688,805.0,600335
137,2001-09-20,4.818,4.76,4.832,4.752,1344.31,600335
138,2001-09-21,4.76,4.717,4.789,4.712,477.85,600335
139,2001-09-24,4.701,4.709,4.792,4.696,615.0,600335
140,2001-09-25,4.72,4.725,4.805,4.699,587.99,600335
141,2001-09-26,4.728,4.629,4.731,4.605,954.0,600335
142,2001-09-27,4.619,4.587,4.707,4.491,1710.5,600335
143,2001-09-28,4.59,4.281,4.595,4.222,7537.76,600335
144,2001-10-08,4.286,4.172,4.393,4.169,1712.0,600335
145,2001-10-09,4.166,4.262,4.286,4.164,1353.2,600335
146,2001-10-10,4.259,4.073,4.259,4.025,2667.8,600335
147,2001-10-11,4.065,3.969,4.097,3.94,2573.95,600335
148,2001-10-12,3.991,4.142,4.211,3.887,3808.69,600335
149,2001-10-15,4.121,4.113,4.18,4.049,1438.87,600335
150,2001-10-16,4.126,3.98,4.161,3.969,1070.13,600335
151,2001-10-17,3.967,3.913,3.993,3.887,1093.4,600335
152,2001-10-18,3.887,3.929,3.94,3.82,1607.2,600335
153,2001-10-19,3.82,3.767,3.868,3.695,3439.0,600335
154,2001-10-22,3.727,3.594,3.727,3.594,2547.59,600335
155,2001-10-23,3.953,3.953,3.953,3.887,6306.02,600335
156,2001-10-24,4.225,4.254,4.347,4.1,14567.4,600335
157,2001-10-25,4.246,4.094,4.246,4.007,4945.96,600335
158,2001-10-26,4.06,4.108,4.126,3.999,2852.0,600335
159,2001-10-29,4.113,4.206,4.206,4.113,1511.5,600335
160,2001-10-30,4.158,4.094,4.201,4.078,1516.0,600335
161,2001-10-31,4.076,4.137,4.137,4.009,1584.6,600335
162,2001-11-01,4.148,4.169,4.217,4.121,1600.61,600335
163,2001-11-02,4.169,4.148,4.206,4.102,1931.5,600335
164,2001-11-05,4.108,4.126,4.174,4.086,512.05,600335
165,2001-11-06,4.153,4.089,4.153,4.041,1132.15,600335
166,2001-11-07,4.022,3.833,4.033,3.81,2758.01,600335
167,2001-11-08,3.73,3.865,3.887,3.7,1572.4,600335
168,2001-11-09,3.865,3.897,3.935,3.762,1147.3,600335
169,2001-11-12,3.887,3.855,3.913,3.836,1111.02,600335
170,2001-11-13,3.754,3.796,3.828,3.735,1075.74,600335
171,2001-11-14,3.78,3.833,3.871,3.78,672.1,600335
172,2001-11-15,3.833,3.828,3.849,3.794,669.1,600335
173,2001-11-16,4.201,3.935,4.206,3.913,6757.8,600335
174,2001-11-19,3.94,4.086,4.089,3.94,2121.2,600335
175,2001-11-20,4.121,4.227,4.281,4.086,8085.73,600335
176,2001-11-21,4.227,4.201,4.238,4.153,3220.3,600335
177,2001-11-22,4.18,4.227,4.233,4.169,2680.8,600335
178,2001-11-23,4.222,4.177,4.225,4.153,1849.85,600335
179,2001-11-26,4.164,4.145,4.164,4.102,1227.38,600335
180,2001-11-27,4.126,4.19,4.206,4.126,786.29,600335
181,2001-11-28,4.19,4.246,4.273,4.19,2683.46,600335
182,2001-11-29,4.233,4.246,4.267,4.219,2311.88,600335
183,2001-11-30,4.233,4.291,4.307,4.23,3017.79,600335
184,2001-12-03,4.326,4.345,4.414,4.297,3328.16,600335
185,2001-12-04,4.345,4.358,4.361,4.313,2558.48,600335
186,2001-12-05,4.339,4.254,4.382,4.254,4132.06,600335
187,2001-12-06,4.222,4.254,4.27,4.196,1859.59,600335
188,2001-12-07,4.254,4.209,4.254,4.18,2138.9,600335
189,2001-12-10,4.206,4.254,4.257,4.169,860.5,600335
190,2001-12-11,4.254,4.198,4.254,4.193,1345.0,600335
191,2001-12-12,4.174,4.164,4.204,4.14,1553.43,600335
192,2001-12-13,4.145,4.073,4.254,4.068,973.0,600335
193,2001-12-14,4.076,4.028,4.116,3.999,1410.0,600335
194,2001-12-17,4.02,4.004,4.046,3.967,814.5,600335
195,2001-12-18,3.993,4.086,4.094,3.991,1242.0,600335
196,2001-12-19,4.089,4.081,4.113,4.041,1497.99,600335
197,2001-12-20,4.081,3.972,4.094,3.961,1733.9,600335
198,2001-12-21,3.972,4.132,4.153,3.972,4734.75,600335
199,2001-12-24,4.105,4.172,4.251,4.105,4693.19,600335
200,2001-12-25,4.126,4.116,4.18,4.044,2398.19,600335
201,2001-12-26,4.113,4.214,4.227,4.06,2477.88,600335
202,2001-12-27,4.233,4.238,4.278,4.15,4317.29,600335
203,2001-12-28,4.233,4.329,4.334,4.233,6881.78,600335
204,2001-12-31,4.35,4.283,4.361,4.267,3535.29,600335
205,2002-01-04,4.286,4.121,4.289,4.113,2284.0,600335
206,2002-01-07,4.06,4.094,4.094,4.007,1551.2,600335
207,2002-01-08,4.049,4.046,4.148,4.046,878.0,600335
208,2002-01-09,4.046,4.033,4.068,3.999,2278.01,600335
209,2002-01-10,4.02,4.086,4.129,3.929,3155.67,600335
210,2002-01-11,4.065,3.991,4.068,3.967,1313.0,600335
211,2002-01-14,3.937,3.855,3.967,3.831,2373.0,600335
212,2002-01-15,3.78,3.727,3.895,3.727,1626.15,600335
213,2002-01-16,3.73,3.794,3.833,3.674,1847.46,600335
214,2002-01-17,3.802,3.551,3.802,3.541,2508.1,600335
215,2002-01-18,3.541,3.543,3.642,3.471,4232.19,600335
216,2002-01-21,3.549,3.301,3.562,3.296,2925.0,600335
217,2002-01-22,3.29,3.25,3.434,3.234,2151.4,600335
218,2002-01-23,3.227,3.543,3.567,3.227,2816.08,600335
219,2002-01-24,3.541,3.623,3.644,3.402,4441.14,600335
220,2002-01-25,3.535,3.543,3.621,3.519,1917.0,600335
221,2002-01-28,3.597,3.261,3.597,3.221,4206.55,600335
222,2002-01-29,3.242,3.349,3.405,3.208,2310.04,600335
223,2002-01-30,3.328,3.179,3.328,3.088,6227.34,600335
224,2002-01-31,3.234,3.485,3.493,3.195,10908.19,600335
225,2002-02-01,3.541,3.543,3.586,3.466,8406.64,600335
226,2002-02-04,3.551,3.583,3.591,3.461,3669.06,600335
227,2002-02-05,3.501,3.546,3.589,3.495,3720.53,600335
228,2002-02-06,3.514,3.461,3.589,3.461,2572.5,600335
229,2002-02-07,3.549,3.543,3.575,3.434,3044.91,600335
230,2002-02-08,3.551,3.551,3.66,3.541,4406.77,600335
231,2002-02-25,3.647,3.573,3.658,3.541,2668.5,600335
232,2002-02-26,3.589,3.541,3.589,3.466,2424.36,600335
233,2002-02-27,3.541,3.562,3.599,3.53,2177.61,600335
234,2002-02-28,3.565,3.562,3.626,3.557,2530.22,600335
235,2002-03-01,3.562,3.463,3.573,3.461,2094.0,600335
236,2002-03-04,3.437,3.538,3.541,3.437,1020.3,600335
237,2002-03-05,3.559,3.631,3.66,3.541,4643.88,600335
238,2002-03-06,3.647,3.631,3.735,3.621,5873.18,600335
239,2002-03-07,3.567,3.786,3.788,3.567,5559.47,600335
240,2002-03-08,3.81,3.865,3.887,3.77,9266.72,600335
241,2002-03-11,3.887,3.897,3.908,3.836,5344.66,600335
242,2002-03-12,3.887,3.884,4.02,3.879,7998.01,600335
243,2002-03-13,3.86,3.804,3.935,3.78,4468.96,600335
244,2002-03-14,3.802,3.908,3.919,3.796,4345.68,600335
245,2002-03-15,3.9,3.794,3.932,3.783,4130.99,600335
246,2002-03-18,3.82,3.754,3.9,3.735,3209.0,600335
247,2002-03-19,3.767,3.961,3.964,3.743,6882.02,600335
248,2002-03-20,4.007,4.105,4.113,3.961,17509.73,600335
249,2002-03-21,4.113,4.057,4.177,4.044,9023.52,600335
250,2002-03-22,4.02,4.022,4.065,3.993,3454.7,600335
251,2002-03-25,4.014,4.062,4.073,4.007,1978.61,600335
252,2002-03-26,4.062,3.945,4.062,3.927,2733.5,600335
253,2002-03-27,3.913,3.927,3.935,3.849,2263.71,600335
254,2002-03-28,3.913,3.908,3.959,3.876,1751.23,600335
255,2002-03-29,3.911,3.775,3.911,3.759,3112.5,600335
256,2002-04-01,3.756,3.764,3.796,3.727,3567.0,600335
257,2002-04-03,3.674,3.674,3.738,3.652,2471.47,600335
258,2002-04-04,3.69,3.81,3.852,3.644,2419.66,600335
259,2002-04-05,3.852,3.77,3.86,3.754,1506.03,600335
260,2002-04-08,3.754,3.743,3.788,3.714,1211.26,600335
261,2002-04-09,3.74,3.817,3.828,3.74,4054.34,600335
262,2002-04-10,3.807,3.857,3.86,3.807,4459.04,600335
263,2002-04-11,3.873,3.751,3.873,3.743,3216.0,600335
264,2002-04-12,3.754,3.754,3.786,3.743,1917.95,600335
265,2002-04-15,3.772,3.722,3.772,3.698,1249.0,600335
266,2002-04-16,3.703,3.716,3.751,3.7,1236.31,600335
267,2002-04-17,3.684,3.732,3.759,3.684,976.63,600335
268,2002-04-18,3.767,3.73,3.78,3.724,898.0,600335
269,2002-04-19,3.724,3.727,3.727,3.663,1027.3,600335
270,2002-04-22,3.724,3.698,3.724,3.66,789.8,600335
271,2002-04-23,3.69,3.698,3.738,3.69,758.5,600335
272,2002-04-24,3.7,3.65,3.7,3.647,961.0,600335
273,2002-04-25,3.724,3.682,3.724,3.642,614.0,600335
274,2002-04-26,3.682,3.759,3.77,3.655,1113.5,600335
275,2002-04-29,3.775,3.849,3.857,3.775,3076.71,600335
276,2002-04-30,3.86,3.844,3.881,3.812,2548.38,600335
277,2002-05-08,3.873,3.82,3.873,3.807,860.93,600335
278,2002-05-09,3.78,3.802,3.828,3.77,829.66,600335
279,2002-05-10,3.802,3.754,3.802,3.735,1118.09,600335
280,2002-05-13,3.69,3.786,3.802,3.69,1006.99,600335
281,2002-05-14,3.73,3.751,3.802,3.73,698.0,600335
282,2002-05-15,3.74,3.7,3.748,3.692,886.0,600335
283,2002-05-16,3.674,3.573,3.698,3.554,1659.99,600335
284,2002-05-17,3.594,3.586,3.621,3.517,1184.49,600335
285,2002-05-20,3.586,3.527,3.586,3.495,1007.7,600335
286,2002-05-21,3.57,3.642,3.679,3.57,2055.43,600335
287,2002-05-22,3.634,3.527,3.639,3.514,2617.5,600335
288,2002-05-23,3.554,3.57,3.613,3.554,966.14,600335
289,2002-05-24,3.57,3.551,3.57,3.511,753.3,600335
290,2002-05-27,3.554,3.591,3.642,3.514,488.0,600335
291,2002-05-28,3.618,3.621,3.621,3.549,927.0,600335
292,2002-05-29,3.581,3.538,3.581,3.495,1169.49,600335
293,2002-05-30,3.538,3.53,3.607,3.461,1443.6,600335
294,2002-05-31,3.541,3.538,3.559,3.49,882.0,600335
295,2002-06-03,3.487,3.397,3.487,3.368,1593.0,600335
296,2002-06-04,3.402,3.426,3.431,3.373,1337.5,600335
297,2002-06-05,3.402,3.306,3.402,3.272,1356.0,600335
298,2002-06-06,3.277,3.471,3.535,3.277,2608.0,600335
299,2002-06-07,3.469,3.519,3.541,3.434,2093.11,600335
300,2002-06-10,3.509,3.453,3.509,3.408,874.3,600335
301,2002-06-11,3.434,3.487,3.517,3.434,706.0,600335
302,2002-06-12,3.485,3.474,3.485,3.408,655.5,600335
303,2002-06-13,3.429,3.429,3.517,3.421,460.0,600335
304,2002-06-14,3.41,3.402,3.424,3.381,410.99,600335
305,2002-06-17,3.397,3.394,3.397,3.349,323.0,600335
306,2002-06-18,3.402,3.479,3.509,3.402,930.5,600335
307,2002-06-19,3.461,3.474,3.503,3.447,1462.5,600335
308,2002-06-20,3.471,3.487,3.535,3.471,833.0,600335
309,2002-06-21,3.501,3.594,3.642,3.501,2412.5,600335
310,2002-06-24,3.953,3.953,3.953,3.775,21556.33,600335
311,2002-06-25,3.953,3.913,4.097,3.908,10910.5,600335
312,2002-06-27,3.913,3.927,4.007,3.913,4464.56,600335
313,2002-06-28,3.932,3.82,3.932,3.794,5451.61,600335
314,2002-07-01,3.833,3.943,3.953,3.796,5165.77,600335
315,2002-07-02,3.94,4.046,4.06,3.9,8906.38,600335
316,2002-07-03,4.028,3.991,4.068,3.988,4532.0,600335
317,2002-07-04,3.988,3.943,4.068,3.94,4301.0,600335
318,2002-07-05,3.94,3.967,3.967,3.903,3075.93,600335
319,2002-07-08,3.98,4.007,4.007,3.951,2133.49,600335
320,2002-07-09,4.007,3.961,4.009,3.94,1051.0,600335
321,2002-07-10,3.953,3.863,3.953,3.855,2494.46,600335
322,2002-07-11,3.86,3.855,3.892,3.815,1449.0,600335
323,2002-07-12,3.863,3.863,3.871,3.847,641.0,600335
324,2002-07-15,3.865,3.884,3.921,3.86,1448.4,600335
325,2002-07-16,3.9,3.873,3.935,3.852,776.0,600335
326,2002-07-17,3.865,3.892,3.892,3.836,475.75,600335
327,2002-07-18,3.775,3.802,3.847,3.775,2798.06,600335
328,2002-07-19,3.775,3.78,3.815,3.762,1729.16,600335
329,2002-07-22,3.794,3.695,3.794,3.674,1834.06,600335
330,2002-07-23,3.65,3.682,3.692,3.65,1355.5,600335
331,2002-07-24,3.682,3.671,3.714,3.668,530.0,600335
332,2002-07-25,3.695,3.722,3.74,3.679,1259.45,600335
333,2002-07-26,3.722,3.708,3.727,3.703,587.76,600335
334,2002-07-29,3.652,3.727,3.732,3.652,368.12,600335
335,2002-07-30,3.724,3.652,3.724,3.644,1155.0,600335
336,2002-07-31,3.655,3.66,3.687,3.618,957.39,600335
337,2002-08-01,3.623,3.647,3.66,3.623,317.2,600335
338,2002-08-02,3.666,3.671,3.674,3.634,377.33,600335
339,2002-08-05,3.647,3.621,3.647,3.607,440.02,600335
340,2002-08-06,3.61,3.652,3.679,3.599,618.17,600335
341,2002-08-07,3.636,3.639,3.66,3.634,263.9,600335
342,2002-08-08,3.634,3.636,3.674,3.634,441.0,600335
343,2002-08-09,3.636,3.615,3.647,3.605,418.0,600335
344,2002-08-12,3.546,3.557,3.581,3.541,613.5,600335
345,2002-08-13,3.557,3.567,3.594,3.554,173.0,600335
346,2002-08-14,3.594,3.605,3.607,3.57,211.0,600335
347,2002-08-15,3.605,3.557,3.605,3.514,441.0,600335
348,2002-08-16,3.565,3.586,3.594,3.549,307.0,600335
349,2002-08-19,3.591,3.591,3.615,3.586,170.0,600335
350,2002-08-20,3.594,3.626,3.634,3.581,889.55,600335
351,2002-08-21,3.626,3.66,3.671,3.626,459.41,600335
352,2002-08-22,3.631,3.714,3.732,3.631,1938.54,600335
353,2002-08-23,3.687,3.684,3.711,3.684,704.0,600335
354,2002-08-26,3.644,3.687,3.7,3.642,552.0,600335
355,2002-08-27,3.722,3.778,3.807,3.722,3002.78,600335
356,2002-08-28,3.778,3.74,3.78,3.735,1444.96,600335
357,2002-08-29,3.727,3.692,3.74,3.69,811.19,600335
358,2002-08-30,3.687,3.706,3.724,3.687,432.43,600335
359,2002-09-02,3.679,3.703,3.719,3.679,167.0,600335
360,2002-09-03,3.7,3.708,3.74,3.7,331.5,600335
361,2002-09-04,3.716,3.674,3.716,3.671,393.0,600335
362,2002-09-05,3.66,3.607,3.674,3.594,740.76,600335
363,2002-09-06,3.594,3.607,3.621,3.594,325.9,600335
364,2002-09-09,3.7,3.644,3.7,3.546,442.61,600335
365,2002-09-10,3.618,3.679,3.722,3.618,4191.31,600335
366,2002-09-11,3.668,3.78,3.78,3.663,8993.02,600335
367,2002-09-12,3.78,3.786,3.807,3.759,4791.0,600335
368,2002-09-13,3.794,3.833,3.847,3.78,5905.23,600335
369,2002-09-16,3.841,3.746,3.841,3.738,2784.99,600335
370,2002-09-17,3.748,3.788,3.791,3.714,2136.06,600335
371,2002-09-18,3.786,3.772,3.802,3.77,1569.14,600335
372,2002-09-19,3.77,3.77,3.794,3.684,3496.65,600335
373,2002-09-20,3.767,3.724,3.767,3.714,1643.0,600335
374,2002-09-23,3.714,3.735,3.74,3.708,818.01,600335
375,2002-09-24,3.727,3.724,3.751,3.716,910.18,600335
376,2002-09-25,3.722,3.602,3.727,3.573,3226.5,600335
377,2002-09-26,3.607,3.546,3.636,3.535,2612.99,600335
378,2002-09-27,3.551,3.527,3.594,3.511,1605.56,600335
379,2002-10-08,3.514,3.482,3.527,3.466,707.84,600335
380,2002-10-09,3.485,3.424,3.49,3.421,1178.5,600335
381,2002-10-10,3.408,3.437,3.466,3.384,399.0,600335
382,2002-10-11,3.447,3.439,3.49,3.439,733.5,600335
383,2002-10-14,3.416,3.447,3.474,3.413,607.12,600335
384,2002-10-15,3.458,3.455,3.461,3.434,289.0,600335
385,2002-10-16,3.461,3.461,3.506,3.455,587.0,600335
386,2002-10-17,3.461,3.386,3.463,3.376,863.53,600335
387,2002-10-18,3.354,3.37,3.439,3.354,830.81,600335
388,2002-10-21,3.354,3.37,3.386,3.336,385.75,600335
389,2002-10-22,3.37,3.447,3.455,3.36,1426.22,600335
390,2002-10-23,3.424,3.429,3.442,3.386,1440.29,600335
391,2002-10-24,3.429,3.397,3.429,3.384,466.89,600335
392,2002-10-25,3.394,3.336,3.416,3.333,400.0,600335
393,2002-10-28,3.328,3.29,3.378,3.277,792.0,600335
394,2002-10-29,3.314,3.229,3.314,3.187,2246.48,600335
395,2002-10-30,3.109,3.144,3.171,3.109,1521.9,600335
396,2002-10-31,3.141,3.144,3.171,3.141,1244.31,600335
397,2002-11-01,3.155,3.147,3.187,3.117,996.68,600335
398,2002-11-04,3.192,3.181,3.216,3.08,7854.35,600335
399,2002-11-05,3.181,3.317,3.445,3.163,10475.63,600335
400,2002-11-06,3.301,3.293,3.301,3.269,3857.6,600335
401,2002-11-07,3.28,3.258,3.282,3.248,1363.0,600335
402,2002-11-08,3.325,3.144,3.325,3.128,2498.75,600335
403,2002-11-11,3.144,3.136,3.192,3.115,1368.61,600335
404,2002-11-12,3.139,3.03,3.16,3.022,1756.56,600335
405,2002-11-13,3.03,3.011,3.03,2.95,1875.8,600335
406,2002-11-14,3.006,2.939,3.006,2.915,1464.36,600335
407,2002-11-15,2.902,2.95,3.008,2.896,1219.22,600335
408,2002-11-18,2.928,3.0,3.03,2.928,1499.99,600335
409,2002-11-19,3.003,3.032,3.059,2.976,948.0,600335
410,2002-11-20,2.934,2.947,3.035,2.934,746.9,600335
411,2002-11-21,2.926,2.819,2.955,2.817,1448.63,600335
412,2002-11-22,2.926,2.848,2.926,2.769,1341.18,600335
413,2002-11-25,2.809,2.843,2.867,2.798,484.76,600335
414,2002-11-26,2.87,2.683,2.87,2.678,754.01,600335
415,2002-11-27,2.662,2.691,2.715,2.596,1561.61,600335
416,2002-11-28,2.675,2.771,2.777,2.662,1169.77,600335
417,2002-11-29,2.782,2.819,2.88,2.755,2463.08,600335
418,2002-12-02,2.793,2.697,2.793,2.667,1353.29,600335
419,2002-12-03,2.67,2.707,2.723,2.665,922.26,600335
420,2002-12-04,2.71,2.801,2.838,2.689,4060.99,600335
421,2002-12-05,2.782,2.766,2.817,2.731,1343.67,600335
422,2002-12-06,2.763,2.771,2.795,2.718,1524.0,600335
423,2002-12-09,2.702,2.75,2.763,2.702,596.8,600335
424,2002-12-10,2.745,2.705,2.755,2.702,1165.29,600335
425,2002-12-11,2.702,2.678,2.702,2.662,1146.0,600335
426,2002-12-12,2.678,2.699,2.75,2.667,956.0,600335
427,2002-12-13,2.665,2.753,2.763,2.662,1423.5,600335
428,2002-12-16,2.745,2.777,2.795,2.742,1616.0,600335
429,2002-12-17,2.747,2.817,2.822,2.745,1558.4,600335
430,2002-12-18,2.817,2.785,2.835,2.779,1201.5,600335
431,2002-12-19,2.771,2.777,2.806,2.737,874.5,600335
432,2002-12-20,2.79,2.886,2.995,2.75,12890.65,600335
433,2002-12-23,2.886,2.912,2.979,2.864,11819.98,600335
434,2002-12-24,2.915,2.974,3.022,2.915,5464.0,600335
435,2002-12-25,2.982,2.915,2.995,2.915,2996.8,600335
436,2002-12-26,2.899,2.801,2.915,2.798,3481.3,600335
437,2002-12-27,2.782,2.771,2.822,2.747,2219.65,600335
438,2002-12-30,2.771,2.678,2.785,2.665,1887.5,600335
439,2002-12-31,2.686,2.673,2.75,2.667,1524.5,600335
440,2003-01-02,2.662,2.582,2.699,2.577,2820.99,600335
441,2003-01-03,2.577,2.585,2.622,2.556,2159.0,600335
442,2003-01-06,2.59,2.614,2.636,2.556,2245.5,600335
443,2003-01-07,2.63,2.646,2.715,2.604,3013.94,600335
444,2003-01-08,2.673,2.729,2.737,2.63,2419.23,600335
445,2003-01-09,2.729,2.795,2.801,2.697,4779.47,600335
446,2003-01-10,2.782,2.731,2.822,2.729,2711.74,600335
447,2003-01-13,2.699,2.721,2.742,2.699,1113.5,600335
448,2003-01-14,2.721,2.848,2.904,2.721,5175.78,600335
449,2003-01-15,2.862,2.827,2.902,2.822,4769.19,600335
450,2003-01-16,2.822,2.92,2.952,2.817,3434.13,600335
451,2003-01-17,2.753,2.931,3.003,2.753,6255.23,600335
452,2003-01-20,2.931,2.923,2.931,2.851,2406.1,600335
453,2003-01-21,2.923,2.835,2.979,2.833,2737.8,600335
454,2003-01-22,2.795,2.827,2.87,2.795,1813.6,600335
455,2003-01-23,2.822,2.801,2.856,2.798,1961.0,600335
456,2003-01-24,2.811,2.843,2.862,2.793,1683.27,600335
457,2003-01-27,2.862,2.888,2.902,2.856,1943.62,600335
458,2003-01-28,2.902,2.907,2.918,2.875,1623.54,600335
459,2003-01-29,2.896,2.91,2.952,2.896,2175.0,600335
460,2003-02-10,2.902,2.851,2.902,2.848,801.0,600335
461,2003-02-11,2.846,2.891,2.899,2.827,719.06,600335
462,2003-02-12,2.878,2.944,2.947,2.875,2215.45,600335
463,2003-02-13,2.944,2.944,2.992,2.928,2847.94,600335
464,2003-02-14,2.96,2.984,3.014,2.934,2999.17,600335
465,2003-02-17,3.008,2.942,3.014,2.931,1921.71,600335
466,2003-02-18,2.928,2.942,2.963,2.928,1525.0,600335
467,2003-02-19,2.942,2.95,2.95,2.923,1781.61,600335
468,2003-02-20,2.96,2.944,2.976,2.942,1697.8,600335
469,2003-02-21,2.944,2.859,2.944,2.843,2626.21,600335
470,2003-02-24,2.854,2.875,2.886,2.854,1197.0,600335
471,2003-02-25,2.902,2.942,2.95,2.888,2024.72,600335
472,2003-02-26,2.952,2.942,2.955,2.902,2328.15,600335
473,2003-02-27,2.904,2.942,2.976,2.904,1633.44,600335
474,2003-02-28,2.95,2.936,2.955,2.888,2893.0,600335
475,2003-03-03,2.942,2.982,2.99,2.931,2733.61,600335
476,2003-03-04,2.987,3.016,3.032,2.966,6501.39,600335
477,2003-03-05,3.008,2.974,3.008,2.944,2643.52,600335
478,2003-03-06,2.96,2.899,2.982,2.88,3004.81,600335
479,2003-03-07,2.888,2.939,2.99,2.875,4658.9,600335
480,2003-03-10,2.95,2.891,2.982,2.88,3814.71,600335
481,2003-03-11,2.875,2.854,2.891,2.848,1844.75,600335
482,2003-03-12,2.875,2.827,2.875,2.798,1388.31,600335
483,2003-03-13,2.862,2.811,2.862,2.801,1042.0,600335
484,2003-03-14,2.803,2.809,2.841,2.795,820.53,600335
485,2003-03-17,2.801,2.769,2.801,2.737,1123.0,600335
486,2003-03-18,2.79,2.721,2.814,2.721,1152.0,600335
487,2003-03-19,2.726,2.747,2.763,2.715,1021.08,600335
488,2003-03-20,2.742,2.745,2.782,2.737,673.0,600335
489,2003-03-21,2.758,2.782,2.782,2.747,624.8,600335
490,2003-03-24,2.782,2.777,2.798,2.758,375.77,600335
491,2003-03-25,2.763,2.729,2.763,2.721,793.0,600335
492,2003-03-26,2.715,2.747,2.769,2.683,1732.63,600335
493,2003-03-27,2.79,2.833,2.859,2.721,2643.18,600335
494,2003-03-28,2.809,2.787,2.833,2.782,1996.4,600335
495,2003-03-31,2.843,2.817,2.867,2.782,1303.0,600335
496,2003-04-01,2.846,2.822,2.846,2.795,845.7,600335
497,2003-04-02,2.825,2.809,2.825,2.798,825.0,600335
498,2003-04-03,2.798,2.782,2.843,2.771,1120.0,600335
499,2003-04-04,2.771,2.769,2.782,2.75,1354.5,600335
500,2003-04-07,2.769,2.766,2.771,2.753,1285.0,600335
501,2003-04-08,2.763,2.718,2.769,2.715,1497.0,600335
502,2003-04-09,2.721,2.713,2.737,2.67,1964.17,600335
503,2003-04-10,2.705,2.686,2.715,2.638,3919.49,600335
504,2003-04-11,2.694,2.675,2.721,2.649,3754.59,600335
505,2003-04-14,2.675,2.774,2.787,2.641,9262.9,600335
506,2003-04-15,2.769,2.822,2.827,2.75,4571.43,600335
507,2003-04-16,2.838,2.718,2.841,2.713,4063.9,600335
508,2003-04-17,2.718,2.681,2.737,2.667,2755.81,600335
509,2003-04-18,2.686,2.67,2.691,2.662,3478.38,600335
510,2003-04-21,2.665,2.699,2.702,2.665,1874.28,600335
511,2003-04-22,2.742,2.697,2.742,2.689,715.4,600335
512,2003-04-23,2.689,2.651,2.702,2.644,1831.21,600335
513,2003-04-24,2.633,2.572,2.659,2.558,2422.91,600335
514,2003-04-25,2.566,2.441,2.577,2.409,3510.07,600335
515,2003-04-28,2.492,2.412,2.492,2.34,5043.12,600335
516,2003-04-29,2.412,2.383,2.417,2.345,2556.46,600335
517,2003-04-30,2.383,2.444,2.462,2.369,2641.1,600335
518,2003-05-12,2.447,2.364,2.449,2.364,1743.0,600335
519,2003-05-13,2.364,2.223,2.364,2.14,3166.22,600335
520,2003-05-14,2.207,2.265,2.343,2.207,2422.12,600335
521,2003-05-15,2.268,2.335,2.369,2.215,2506.83,600335
522,2003-05-16,2.337,2.311,2.364,2.281,1595.38,600335
523,2003-05-19,2.311,2.364,2.388,2.289,1456.68,600335
524,2003-05-20,2.343,2.329,2.356,2.316,1195.63,600335
525,2003-05-21,2.356,2.337,2.356,2.321,833.0,600335
526,2003-05-22,2.351,2.348,2.351,2.311,926.07,600335
527,2003-05-23,2.332,2.343,2.364,2.321,1717.07,600335
528,2003-05-26,2.377,2.361,2.377,2.329,1931.71,600335
529,2003-05-27,2.369,2.359,2.369,2.311,1483.0,600335
530,2003-05-28,2.359,2.46,2.529,2.359,7498.47,600335
531,2003-05-29,2.441,2.455,2.455,2.399,2650.89,600335
532,2003-05-30,2.46,2.47,2.476,2.441,2475.22,600335
533,2003-06-02,2.468,2.46,2.47,2.423,1324.48,600335
534,2003-06-03,2.449,2.449,2.492,2.436,2206.99,600335
535,2003-06-04,2.425,2.423,2.444,2.383,1556.0,600335
536,2003-06-05,2.409,2.401,2.441,2.396,1377.0,600335
537,2003-06-06,2.396,2.372,2.412,2.369,849.63,600335
538,2003-06-09,2.367,2.327,2.367,2.316,755.0,600335
539,2003-06-10,2.353,2.412,2.417,2.337,1673.98,600335
540,2003-06-11,2.415,2.449,2.484,2.409,2452.0,600335
541,2003-06-12,2.449,2.449,2.46,2.436,1147.0,600335
542,2003-06-13,2.476,2.447,2.476,2.436,941.0,600335
543,2003-06-16,2.449,2.441,2.468,2.436,697.78,600335
544,2003-06-17,2.449,2.428,2.492,2.425,867.0,600335
545,2003-06-18,2.436,2.447,2.462,2.431,858.9,600335
546,2003-06-19,2.46,2.396,2.46,2.396,616.0,600335
547,2003-06-20,2.396,2.388,2.401,2.348,981.0,600335
548,2003-06-23,2.364,2.356,2.396,2.348,682.99,600335
549,2003-06-24,2.343,2.364,2.388,2.343,681.3,600335
550,2003-06-25,2.364,2.38,2.393,2.351,914.0,600335
551,2003-06-26,2.375,2.388,2.391,2.364,713.5,600335
552,2003-06-27,2.388,2.305,2.396,2.292,650.5,600335
553,2003-06-30,2.297,2.316,2.327,2.263,653.6,600335
554,2003-07-01,2.3,2.313,2.327,2.289,1179.0,600335
555,2003-07-02,2.316,2.329,2.369,2.265,639.0,600335
556,2003-07-03,2.34,2.329,2.343,2.324,414.0,600335
557,2003-07-04,2.292,2.305,2.348,2.289,366.9,600335
558,2003-07-07,2.305,2.321,2.329,2.284,407.0,600335
559,2003-07-08,2.295,2.356,2.364,2.295,655.09,600335
560,2003-07-09,2.356,2.369,2.375,2.335,1030.13,600335
561,2003-07-10,2.369,2.431,2.486,2.343,5020.7,600335
562,2003-07-11,2.436,2.401,2.436,2.383,1973.0,600335
563,2003-07-14,2.396,2.343,2.42,2.343,940.0,600335
564,2003-07-15,2.375,2.353,2.375,2.329,971.19,600335
565,2003-07-16,2.372,2.353,2.372,2.335,528.0,600335
566,2003-07-17,2.343,2.327,2.359,2.324,1213.7,600335
567,2003-07-18,2.303,2.289,2.327,2.271,954.99,600335
568,2003-07-21,2.271,2.258,2.276,2.194,1793.47,600335
569,2003-07-22,2.258,2.345,2.348,2.258,3073.56,600335
570,2003-07-23,2.345,2.415,2.423,2.335,3550.41,600335
571,2003-07-24,2.415,2.484,2.486,2.415,15799.68,600335
572,2003-07-25,2.5,2.401,2.577,2.369,17682.68,600335
573,2003-07-28,2.364,2.332,2.447,2.321,6625.65,600335
574,2003-07-29,2.332,2.316,2.343,2.279,2565.0,600335
575,2003-07-30,2.295,2.305,2.335,2.295,1005.88,600335
576,2003-07-31,2.305,2.26,2.305,2.25,2817.0,600335
577,2003-08-01,2.276,2.234,2.276,2.223,1618.16,600335
578,2003-08-04,2.244,2.287,2.289,2.226,1223.8,600335
579,2003-08-05,2.289,2.292,2.308,2.271,1021.0,600335
580,2003-08-06,2.303,2.279,2.303,2.236,930.85,600335
581,2003-08-07,2.239,2.287,2.287,2.239,1165.01,600335
582,2003-08-08,2.268,2.265,2.276,2.244,714.0,600335
583,2003-08-11,2.265,2.265,2.271,2.239,587.61,600335
584,2003-08-12,2.292,2.279,2.303,2.271,519.9,600335
585,2003-08-13,2.239,2.25,2.289,2.239,330.0,600335
586,2003-08-14,2.255,2.255,2.279,2.25,564.0,600335
587,2003-08-15,2.258,2.258,2.26,2.231,554.9,600335
588,2003-08-18,2.263,2.276,2.316,2.21,1118.61,600335
589,2003-08-19,2.276,2.319,2.324,2.276,1938.8,600335
590,2003-08-20,2.316,2.305,2.316,2.279,1025.0,600335
591,2003-08-21,2.311,2.295,2.34,2.281,697.0,600335
592,2003-08-22,2.271,2.276,2.295,2.271,527.0,600335
593,2003-08-25,2.244,2.236,2.265,2.234,684.0,600335
594,2003-08-26,2.234,2.303,2.308,2.231,1038.6,600335
595,2003-08-27,2.305,2.3,2.329,2.263,441.0,600335
596,2003-08-28,2.271,2.289,2.305,2.265,241.0,600335
597,2003-08-29,2.287,2.351,2.388,2.287,4844.86,600335
598,2003-09-01,2.316,2.396,2.399,2.316,4284.66,600335
599,2003-09-02,2.396,2.369,2.396,2.345,2264.66,600335
600,2003-09-03,2.372,2.383,2.385,2.351,1198.39,600335
601,2003-09-04,2.369,2.348,2.369,2.343,1303.99,600335
602,2003-09-05,2.345,2.348,2.383,2.332,1035.06,600335
603,2003-09-08,2.361,2.337,2.361,2.311,551.03,600335
604,2003-09-09,2.356,2.295,2.356,2.292,717.0,600335
605,2003-09-10,2.289,2.311,2.319,2.289,334.0,600335
606,2003-09-11,2.375,2.34,2.375,2.319,433.0,600335
607,2003-09-12,2.295,2.303,2.343,2.295,694.51,600335
608,2003-09-15,2.284,2.255,2.303,2.25,663.0,600335
609,2003-09-16,2.25,2.271,2.276,2.242,1475.68,600335
610,2003-09-17,2.25,2.228,2.305,2.226,539.0,600335
611,2003-09-18,2.239,2.244,2.271,2.231,551.0,600335
612,2003-09-19,2.252,2.247,2.258,2.223,788.98,600335
613,2003-09-22,2.303,2.258,2.335,2.258,547.0,600335
614,2003-09-23,2.263,2.265,2.265,2.212,365.0,600335
615,2003-09-24,2.287,2.271,2.287,2.239,358.48,600335
616,2003-09-25,2.25,2.231,2.252,2.231,496.0,600335
617,2003-09-26,2.22,2.212,2.236,2.199,547.5,600335
618,2003-09-29,2.231,2.13,2.231,1.997,1432.26,600335
619,2003-09-30,2.13,2.1,2.13,2.076,1270.5,600335
620,2003-10-08,2.1,2.068,2.1,2.023,427.0,600335
621,2003-10-09,2.127,2.084,2.127,2.058,709.5,600335
622,2003-10-10,2.114,2.13,2.13,2.074,890.99,600335
623,2003-10-13,2.13,2.127,2.138,2.103,920.5,600335
624,2003-10-14,2.148,2.135,2.199,2.116,475.99,600335
625,2003-10-15,2.156,2.124,2.156,2.103,395.0,600335
626,2003-10-16,2.14,2.068,2.175,2.037,389.0,600335
627,2003-10-17,2.124,2.098,2.124,2.045,271.0,600335
628,2003-10-20,2.055,2.09,2.108,2.05,245.2,600335
629,2003-10-21,2.124,2.079,2.124,2.058,299.31,600335
630,2003-10-22,2.095,2.127,2.14,2.055,864.7,600335
631,2003-10-23,2.066,2.122,2.162,2.066,447.04,600335
632,2003-10-24,2.135,2.116,2.138,2.082,443.03,600335
633,2003-10-27,2.074,2.087,2.124,2.05,639.0,600335
634,2003-10-29,2.076,1.933,2.076,1.917,1950.0,600335
635,2003-10-30,1.893,1.85,1.911,1.826,1262.07,600335
636,2003-10-31,1.832,1.893,1.911,1.832,640.1,600335
637,2003-11-03,1.84,1.882,1.89,1.84,684.3,600335
638,2003-11-04,1.927,1.906,1.927,1.864,2025.89,600335
639,2003-11-05,1.893,1.832,1.895,1.824,1965.1,600335
640,2003-11-06,1.824,1.648,1.824,1.648,5542.0,600335
641,2003-11-07,1.619,1.659,1.664,1.597,1760.91,600335
642,2003-11-10,1.613,1.629,1.648,1.611,669.29,600335
643,2003-11-11,1.597,1.624,1.648,1.584,670.75,600335
644,2003-11-12,1.605,1.595,1.619,1.592,1939.4,600335
645,2003-11-13,1.597,1.587,1.6,1.56,1503.0,600335
646,2003-11-14,1.587,1.645,1.661,1.584,2480.13,600335
647,2003-11-17,1.645,1.637,1.667,1.627,759.5,600335
648,2003-11-18,1.64,1.621,1.651,1.619,496.0,600335
649,2003-11-19,1.621,1.664,1.664,1.592,1356.93,600335
650,2003-11-20,1.659,1.73,1.746,1.659,3679.14,600335
651,2003-11-21,1.73,1.696,1.789,1.696,3675.91,600335
652,2003-11-24,1.624,1.776,1.778,1.624,2697.45,600335
653,2003-11-25,1.805,1.816,1.85,1.757,4548.05,600335
654,2003-11-26,1.81,1.81,1.837,1.778,2972.25,600335
655,2003-11-27,1.797,1.736,1.808,1.722,2423.55,600335
656,2003-11-28,1.717,1.744,1.754,1.717,2202.0,600335
657,2003-12-01,1.744,1.8,1.802,1.741,2139.99,600335
658,2003-12-02,1.794,1.808,1.81,1.789,2315.32,600335
659,2003-12-03,1.818,1.853,1.895,1.784,5215.91,600335
660,2003-12-04,1.864,1.832,1.864,1.816,2611.34,600335
661,2003-12-05,1.826,1.866,1.869,1.826,2096.88,600335
662,2003-12-08,1.853,1.81,1.872,1.808,1336.0,600335
663,2003-12-09,1.805,1.794,1.805,1.757,1027.54,600335
664,2003-12-10,1.794,1.816,1.832,1.778,2086.99,600335
665,2003-12-11,1.824,1.866,1.869,1.805,3241.53,600335
666,2003-12-12,1.864,1.89,1.957,1.856,6647.6,600335
667,2003-12-15,1.893,1.866,1.911,1.848,2688.97,600335
668,2003-12-16,1.861,1.837,1.861,1.786,1964.48,600335
669,2003-12-17,1.792,1.802,1.84,1.792,1674.36,600335
670,2003-12-18,1.786,1.76,1.81,1.72,1596.1,600335
671,2003-12-19,1.752,1.667,1.834,1.597,2314.03,600335
672,2003-12-22,1.667,1.698,1.709,1.605,2553.64,600335
673,2003-12-23,1.693,1.675,1.725,1.645,2379.1,600335
674,2003-12-24,1.669,1.706,1.709,1.651,2218.28,600335
675,2003-12-25,1.709,1.725,1.73,1.682,2127.74,600335
676,2003-12-26,1.728,1.728,1.728,1.701,1762.0,600335
677,2003-12-29,1.706,1.682,1.714,1.656,1268.56,600335
678,2003-12-30,1.677,1.722,1.725,1.653,3093.12,600335
679,2003-12-31,1.73,1.738,1.77,1.706,4987.3,600335
680,2004-01-02,1.752,1.81,1.829,1.746,7194.49,600335
681,2004-01-05,1.797,1.792,1.816,1.757,4834.06,600335
682,2004-01-06,1.784,1.677,1.794,1.656,5282.17,600335
683,2004-01-07,1.677,1.688,1.714,1.675,3895.69,600335
684,2004-01-08,1.685,1.741,1.776,1.685,3172.82,600335
685,2004-01-09,1.757,1.736,1.786,1.682,4099.99,600335
686,2004-01-12,1.717,1.754,1.757,1.717,2780.91,600335
687,2004-01-13,1.768,1.81,1.824,1.76,4577.53,600335
688,2004-01-14,1.81,1.85,1.943,1.808,8988.88,600335
689,2004-01-15,1.837,1.832,1.864,1.813,2562.0,600335
690,2004-01-16,1.824,1.837,1.866,1.73,4614.84,600335
691,2004-01-29,1.911,1.919,1.925,1.864,5931.69,600335
692,2004-01-30,1.935,1.895,1.935,1.879,4282.0,600335
693,2004-02-02,1.917,1.938,1.951,1.89,5241.54,600335
694,2004-02-03,1.943,1.97,1.978,1.93,3883.03,600335
695,2004-02-04,1.975,1.991,2.018,1.97,6129.47,600335
696,2004-02-05,1.986,2.037,2.053,1.986,7409.53,600335
697,2004-02-06,2.042,1.997,2.05,1.997,7337.53,600335
698,2004-02-09,1.997,2.063,2.068,1.997,5261.09,600335
699,2004-02-10,2.063,2.068,2.076,2.039,4329.36,600335
700,2004-02-11,2.068,2.116,2.122,2.061,6715.06,600335
701,2004-02-12,2.111,2.098,2.13,2.076,5888.21,600335
702,2004-02-13,2.095,2.047,2.095,2.037,6352.21,600335
703,2004-02-16,2.047,2.098,2.1,2.047,4314.53,600335
704,2004-02-17,2.103,2.175,2.183,2.1,8029.72,600335
705,2004-02-18,2.175,2.159,2.175,2.143,4133.56,600335
706,2004-02-19,2.162,2.156,2.18,2.127,5891.47,600335
707,2004-02-20,2.146,2.196,2.202,2.146,5551.78,600335
708,2004-02-23,2.21,2.164,2.239,2.156,6997.93,600335
709,2004-02-24,2.143,2.092,2.143,2.055,5061.06,600335
710,2004-02-25,2.092,2.029,2.119,2.023,4745.39,600335
711,2004-02-26,2.018,1.999,2.05,1.973,4291.84,600335
712,2004-02-27,1.997,2.018,2.023,1.997,2105.49,600335
713,2004-03-01,2.018,2.076,2.09,2.01,2634.74,600335
714,2004-03-02,2.076,2.106,2.127,2.055,4525.18,600335
715,2004-03-03,2.114,2.108,2.127,2.082,6233.19,600335
716,2004-03-04,2.127,2.186,2.204,2.116,18870.16,600335
717,2004-03-05,2.178,2.135,2.186,2.127,5252.43,600335
718,2004-03-08,2.143,2.063,2.143,2.031,2850.73,600335
719,2004-03-09,2.045,2.01,2.063,2.005,1808.98,600335
720,2004-03-10,2.029,2.055,2.061,1.997,1900.97,600335
721,2004-03-11,2.061,2.055,2.1,2.023,3023.03,600335
722,2004-03-12,2.055,2.039,2.061,2.023,2089.0,600335
723,2004-03-15,2.039,2.084,2.09,2.023,2711.11,600335
724,2004-03-16,2.002,2.021,2.039,1.999,11885.87,600335
725,2004-03-18,1.946,1.919,1.967,1.919,6341.0,600335
726,2004-03-19,1.832,1.872,1.901,1.824,37138.87,600335
727,2004-03-22,1.858,1.885,1.895,1.837,18172.73,600335
728,2004-03-23,1.885,1.872,1.901,1.864,10937.9,600335
729,2004-03-24,1.864,1.901,1.93,1.864,12543.57,600335
730,2004-03-25,1.901,1.933,1.938,1.893,11221.69,600335
731,2004-03-26,1.93,1.962,1.97,1.903,11650.31,600335
732,2004-03-29,1.991,1.946,1.994,1.943,15996.65,600335
733,2004-03-30,1.946,1.946,1.962,1.925,6013.0,600335
734,2004-03-31,1.983,1.981,1.999,1.957,7738.28,600335
735,2004-04-01,1.981,1.965,1.981,1.943,5876.26,600335
736,2004-04-02,1.983,2.002,2.018,1.967,7324.04,600335
737,2004-04-05,2.002,1.991,2.002,1.965,6953.22,600335
738,2004-04-06,1.991,2.042,2.055,1.986,8672.28,600335
739,2004-04-07,2.045,2.05,2.058,2.021,6434.05,600335
740,2004-04-08,2.05,2.018,2.071,2.013,6747.2,600335
741,2004-04-09,2.013,1.954,2.029,1.943,6650.46,600335
742,2004-04-12,1.911,1.967,1.978,1.911,3076.12,600335
743,2004-04-13,1.957,1.951,1.989,1.943,3373.03,600335
744,2004-04-14,1.954,1.938,1.957,1.919,3247.0,600335
745,2004-04-15,1.941,1.943,1.943,1.919,2237.61,600335
746,2004-04-16,1.943,1.898,1.957,1.853,5535.3,600335
747,2004-04-19,1.903,1.879,1.917,1.864,2035.0,600335
748,2004-04-20,1.879,1.864,1.901,1.84,1631.08,600335
749,2004-04-21,1.864,1.874,1.89,1.853,1221.37,600335
750,2004-04-22,1.887,1.93,1.946,1.877,3243.06,600335
751,2004-04-23,1.927,1.864,1.927,1.858,2132.5,600335
752,2004-04-26,1.869,1.813,1.893,1.789,3128.0,600335
753,2004-04-27,1.824,1.754,1.824,1.722,5736.04,600335
754,2004-04-28,1.754,1.757,1.77,1.704,2562.67,600335
755,2004-04-29,1.765,1.733,1.765,1.73,2601.0,600335
756,2004-04-30,1.757,1.738,1.76,1.712,1289.0,600335
757,2004-05-10,1.744,1.682,1.744,1.653,1314.0,600335
758,2004-05-11,1.677,1.701,1.704,1.656,1079.0,600335
759,2004-05-12,1.696,1.744,1.744,1.685,1129.59,600335
760,2004-05-13,1.722,1.72,1.733,1.717,947.0,600335
761,2004-05-14,1.72,1.693,1.72,1.68,1248.0,600335
762,2004-05-17,1.685,1.698,1.709,1.659,538.0,600335
763,2004-05-18,1.698,1.741,1.741,1.69,1518.2,600335
764,2004-05-19,1.738,1.752,1.778,1.738,2157.0,600335
765,2004-05-20,1.738,1.741,1.762,1.704,1189.0,600335
766,2004-05-21,1.738,1.741,1.741,1.709,679.9,600335
767,2004-05-24,1.698,1.744,1.757,1.698,789.89,600335
768,2004-05-25,1.73,1.693,1.73,1.667,1551.59,600335
769,2004-05-26,1.682,1.675,1.701,1.669,706.31,600335
770,2004-05-27,1.667,1.698,1.709,1.667,1361.09,600335
771,2004-05-28,1.712,1.709,1.714,1.698,745.0,600335
772,2004-05-31,1.709,1.704,1.717,1.701,728.0,600335
773,2004-06-01,1.714,1.746,1.757,1.714,1806.5,600335
774,2004-06-02,1.736,1.773,1.776,1.722,1713.86,600335
775,2004-06-03,1.773,1.757,1.808,1.749,3296.99,600335
776,2004-06-04,1.738,1.744,1.77,1.706,1076.79,600335
777,2004-06-07,1.706,1.744,1.762,1.706,921.2,600335
778,2004-06-08,1.744,1.738,1.762,1.717,983.5,600335
779,2004-06-09,1.741,1.728,1.786,1.728,2426.12,600335
780,2004-06-10,1.72,1.643,1.72,1.643,3592.4,600335
781,2004-06-11,1.643,1.595,1.661,1.579,2149.0,600335
782,2004-06-14,1.565,1.515,1.587,1.515,4242.0,600335
783,2004-06-15,1.478,1.539,1.555,1.472,1444.01,600335
784,2004-06-16,1.52,1.533,1.547,1.504,1125.57,600335
785,2004-06-17,1.536,1.486,1.536,1.48,1721.38,600335
786,2004-06-18,1.486,1.472,1.491,1.464,1439.37,600335
787,2004-06-21,1.478,1.507,1.507,1.456,894.21,600335
788,2004-06-22,1.504,1.52,1.531,1.504,897.71,600335
789,2004-06-23,1.52,1.517,1.52,1.499,467.0,600335
790,2004-06-24,1.501,1.507,1.541,1.486,1215.09,600335
791,2004-06-25,1.493,1.483,1.52,1.464,777.0,600335
792,2004-06-28,1.475,1.408,1.475,1.408,1442.0,600335
793,2004-06-29,1.384,1.379,1.416,1.339,2547.68,600335
794,2004-07-01,1.358,1.408,1.419,1.358,2693.5,600335
795,2004-07-02,1.403,1.403,1.414,1.39,928.5,600335
796,2004-07-05,1.398,1.395,1.403,1.36,1360.26,600335
797,2004-07-06,1.398,1.419,1.43,1.382,1346.77,600335
798,2004-07-07,1.398,1.408,1.416,1.384,1172.5,600335
799,2004-07-08,1.392,1.387,1.4,1.384,1055.18,600335
800,2004-07-09,1.382,1.384,1.4,1.382,765.1,600335
801,2004-07-12,1.371,1.315,1.371,1.315,2599.0,600335
802,2004-07-13,1.278,1.286,1.302,1.262,1816.5,600335
803,2004-07-14,1.238,1.222,1.289,1.222,1870.29,600335
804,2004-07-15,1.211,1.206,1.214,1.161,4482.35,600335
805,2004-07-16,1.195,1.241,1.249,1.19,2714.38,600335
806,2004-07-19,1.241,1.222,1.241,1.217,1546.0,600335
807,2004-07-20,1.211,1.241,1.257,1.185,2132.0,600335
808,2004-07-21,1.235,1.233,1.235,1.219,959.0,600335
809,2004-07-22,1.214,1.201,1.243,1.171,2183.9,600335
810,2004-07-23,1.193,1.171,1.195,1.169,1784.07,600335
811,2004-07-26,1.163,1.185,1.203,1.145,1184.0,600335
812,2004-07-27,1.166,1.158,1.187,1.147,910.0,600335
813,2004-07-28,1.158,1.174,1.185,1.153,1163.41,600335
814,2004-07-29,1.171,1.222,1.227,1.171,1625.78,600335
815,2004-07-30,1.219,1.179,1.219,1.163,763.0,600335
816,2004-08-02,1.177,1.142,1.187,1.134,1530.18,600335
817,2004-08-03,1.137,1.145,1.161,1.137,870.0,600335
818,2004-08-04,1.147,1.203,1.203,1.145,2342.45,600335
819,2004-08-05,1.201,1.185,1.214,1.185,976.1,600335
820,2004-08-06,1.182,1.179,1.187,1.174,509.5,600335
821,2004-08-09,1.174,1.185,1.209,1.174,1086.81,600335
822,2004-08-10,1.185,1.187,1.198,1.182,671.3,600335
823,2004-08-11,1.185,1.163,1.193,1.161,709.0,600335
824,2004-08-12,1.153,1.105,1.158,1.105,2053.93,600335
825,2004-08-13,1.105,1.092,1.113,1.086,1799.96,600335
826,2004-08-16,1.092,1.038,1.094,1.038,4909.0,600335
827,2004-08-17,1.025,1.02,1.028,0.988,4011.9,600335
828,2004-08-18,1.025,1.012,1.028,1.001,1529.42,600335
829,2004-08-19,1.014,1.062,1.062,0.993,5686.65,600335
830,2004-08-20,1.049,1.049,1.073,1.014,1871.01,600335
831,2004-08-23,1.049,1.07,1.086,1.038,2289.8,600335
832,2004-08-24,1.065,1.094,1.102,1.057,2713.05,600335
833,2004-08-25,1.099,1.086,1.099,1.065,3028.38,600335
834,2004-08-26,1.097,1.139,1.139,1.07,7564.04,600335
835,2004-08-27,1.139,1.142,1.161,1.11,6512.91,600335
836,2004-08-30,1.137,1.086,1.137,1.086,4752.19,600335
837,2004-08-31,1.097,1.099,1.113,1.068,3221.35,600335
838,2004-09-01,1.097,1.092,1.097,1.076,898.5,600335
839,2004-09-02,1.076,1.094,1.094,1.06,1612.01,600335
840,2004-09-03,1.089,1.094,1.107,1.076,1508.0,600335
841,2004-09-06,1.081,1.102,1.105,1.081,640.95,600335
842,2004-09-07,1.089,1.086,1.097,1.068,1009.5,600335
843,2004-09-08,1.081,1.081,1.097,1.068,892.0,600335
844,2004-09-09,1.081,1.134,1.134,1.081,16823.98,600335
845,2004-09-10,1.126,1.099,1.129,1.078,7628.27,600335
846,2004-09-13,1.092,1.084,1.121,1.081,3918.27,600335
847,2004-09-14,1.086,1.115,1.118,1.078,4291.76,600335
848,2004-09-15,1.097,1.155,1.171,1.092,9677.25,600335
849,2004-09-16,1.147,1.182,1.19,1.131,7030.26,600335
850,2004-09-17,1.182,1.203,1.211,1.161,7215.24,600335
851,2004-09-20,1.203,1.238,1.251,1.193,7675.73,600335
852,2004-09-21,1.241,1.211,1.251,1.203,7455.4,600335
853,2004-09-22,1.206,1.166,1.214,1.161,7157.0,600335
854,2004-09-23,1.166,1.209,1.222,1.166,3371.46,600335
855,2004-09-24,1.211,1.201,1.27,1.198,11315.78,600335
856,2004-09-27,1.198,1.161,1.241,1.142,4159.63,600335
857,2004-09-28,1.171,1.177,1.209,1.161,2042.0,600335
858,2004-09-29,1.182,1.145,1.182,1.142,2117.0,600335
859,2004-09-30,1.145,1.134,1.161,1.123,1792.62,600335
860,2004-10-08,1.131,1.158,1.158,1.113,881.29,600335
861,2004-10-11,1.147,1.166,1.182,1.139,2492.93,600335
862,2004-10-12,1.147,1.139,1.171,1.134,2058.0,600335
863,2004-10-13,1.139,1.129,1.163,1.121,1213.4,600335
864,2004-10-14,1.129,1.073,1.129,1.073,2763.0,600335
865,2004-10-15,1.054,1.025,1.054,1.02,4511.38,600335
866,2004-10-18,1.022,1.038,1.073,1.014,2372.89,600335
867,2004-10-19,1.038,1.025,1.057,1.022,1697.0,600335
868,2004-10-20,1.02,0.985,1.025,0.974,3558.14,600335
869,2004-10-21,0.966,0.937,0.985,0.937,3046.01,600335
870,2004-10-22,0.91,0.897,0.926,0.889,3838.54,600335
871,2004-10-25,0.918,0.924,0.942,0.905,2555.59,600335
872,2004-10-26,0.918,0.905,0.918,0.881,2273.08,600335
873,2004-10-27,0.892,0.945,0.95,0.892,2185.0,600335
874,2004-10-28,0.937,0.937,0.958,0.926,2425.64,600335
875,2004-10-29,0.924,0.916,0.926,0.892,1865.39,600335
876,2004-11-01,0.895,0.929,0.94,0.889,1500.0,600335
877,2004-11-02,0.924,0.926,0.945,0.924,1571.0,600335
878,2004-11-03,0.932,0.961,0.969,0.926,1875.34,600335
879,2004-11-04,0.961,0.926,0.961,0.926,1874.0,600335
880,2004-11-05,0.937,0.937,0.95,0.921,1122.0,600335
881,2004-11-08,0.934,0.948,0.953,0.932,724.0,600335
882,2004-11-09,0.95,0.945,0.95,0.929,1013.5,600335
883,2004-11-10,0.932,0.964,0.972,0.926,2375.67,600335
884,2004-11-11,0.958,0.982,0.99,0.953,3754.35,600335
885,2004-11-12,1.006,0.988,1.012,0.977,3091.31,600335
886,2004-11-15,0.982,0.982,0.996,0.974,1587.58,600335
887,2004-11-16,0.988,0.985,0.99,0.972,1518.0,600335
888,2004-11-17,0.982,0.982,0.998,0.977,1179.0,600335
889,2004-11-18,0.988,1.006,1.006,0.985,1624.76,600335
890,2004-11-19,1.009,1.049,1.054,0.99,3476.21,600335
891,2004-11-22,1.046,1.052,1.06,1.033,2724.49,600335
892,2004-11-23,1.054,1.06,1.084,1.044,3158.6,600335
893,2004-11-24,1.065,1.03,1.065,1.017,3784.87,600335
894,2004-11-25,1.017,1.044,1.044,1.017,2117.89,600335
895,2004-11-26,1.028,1.049,1.06,1.028,1353.0,600335
896,2004-11-30,1.038,1.017,1.057,1.009,2364.18,600335
897,2004-12-01,1.014,1.028,1.028,1.009,2149.59,600335
898,2004-12-02,1.078,1.078,1.078,1.078,2863.5,600335
899,2004-12-03,1.131,1.131,1.131,1.105,17343.13,600335
900,2004-12-06,1.131,1.113,1.158,1.099,5994.05,600335
901,2004-12-07,1.105,1.094,1.137,1.086,4133.5,600335
902,2004-12-08,1.094,1.105,1.118,1.089,1953.11,600335
903,2004-12-09,1.099,1.07,1.107,1.054,3582.28,600335
904,2004-12-10,1.054,1.046,1.073,1.036,2460.72,600335
905,2004-12-13,1.025,1.044,1.046,1.022,935.09,600335
906,2004-12-14,1.052,1.028,1.054,1.02,1486.0,600335
907,2004-12-15,1.025,0.99,1.03,0.977,3528.78,600335
908,2004-12-16,0.982,0.982,0.993,0.982,923.0,600335
909,2004-12-17,0.977,0.985,0.993,0.966,975.01,600335
910,2004-12-20,0.966,0.974,0.982,0.956,505.36,600335
911,2004-12-21,0.972,0.982,1.006,0.972,1015.56,600335
912,2004-12-22,0.977,1.004,1.017,0.974,2141.9,600335
913,2004-12-23,1.001,1.001,1.025,0.998,1338.95,600335
914,2004-12-24,0.996,1.006,1.009,0.996,692.0,600335
915,2004-12-27,1.001,1.009,1.028,0.998,486.0,600335
916,2004-12-28,1.025,1.057,1.06,1.025,5204.49,600335
917,2004-12-29,1.057,1.044,1.081,1.038,2031.3,600335
918,2004-12-30,1.046,1.009,1.052,1.001,1241.0,600335
919,2004-12-31,1.012,1.004,1.022,0.99,1020.0,600335
920,2005-01-04,1.001,1.025,1.038,1.001,678.99,600335
921,2005-01-05,1.025,1.041,1.054,1.025,1508.96,600335
922,2005-01-06,1.052,1.076,1.089,1.044,4319.97,600335
923,2005-01-07,1.068,1.062,1.076,1.025,1591.73,600335
924,2005-01-10,1.06,1.06,1.07,1.046,488.0,600335
925,2005-01-11,1.057,1.068,1.073,1.049,501.06,600335
926,2005-01-12,1.086,1.107,1.121,1.073,4990.49,600335
927,2005-01-13,1.099,1.099,1.118,1.084,2527.5,600335
928,2005-01-14,1.099,1.07,1.115,1.068,1754.0,600335
929,2005-01-17,1.041,1.052,1.068,1.038,1141.81,600335
930,2005-01-18,1.054,1.102,1.105,1.054,6649.11,600335
931,2005-01-19,1.086,1.113,1.134,1.086,4002.02,600335
932,2005-01-20,1.102,1.115,1.126,1.07,3718.0,600335
933,2005-01-21,1.129,1.113,1.129,1.089,2063.0,600335
934,2005-01-24,1.129,1.131,1.147,1.107,4182.34,600335
935,2005-01-25,1.131,1.179,1.182,1.121,9605.93,600335
936,2005-01-26,1.198,1.15,1.201,1.139,3343.28,600335
937,2005-01-27,1.145,1.107,1.158,1.107,3427.11,600335
938,2005-01-28,1.115,1.092,1.118,1.086,1259.0,600335
939,2005-01-31,1.102,1.046,1.105,1.038,4212.0,600335
940,2005-02-01,1.044,1.046,1.052,1.025,1324.55,600335
941,2005-02-02,1.038,1.092,1.094,1.038,3165.25,600335
942,2005-02-03,1.081,1.068,1.102,1.065,1797.0,600335
943,2005-02-04,1.084,1.081,1.097,1.068,2357.7,600335
944,2005-02-16,1.086,1.102,1.11,1.07,2112.5,600335
945,2005-02-17,1.094,1.115,1.121,1.092,1374.4,600335
946,2005-02-21,1.115,1.118,1.131,1.107,1849.85,600335
947,2005-02-22,1.118,1.129,1.137,1.086,3612.5,600335
948,2005-02-23,1.126,1.145,1.166,1.121,5349.99,600335
949,2005-02-24,1.145,1.142,1.158,1.11,2835.59,600335
950,2005-02-25,1.145,1.145,1.166,1.142,3376.85,600335
951,2005-02-28,1.145,1.166,1.177,1.139,4580.58,600335
952,2005-03-01,1.166,1.185,1.225,1.166,7098.35,600335
953,2005-03-02,1.177,1.137,1.195,1.131,4438.5,600335
954,2005-03-03,1.137,1.193,1.193,1.137,9896.2,600335
955,2005-03-04,1.19,1.19,1.219,1.174,8370.69,600335
956,2005-03-08,1.19,1.161,1.193,1.131,12198.8,600335
957,2005-03-09,1.153,1.158,1.161,1.142,4506.7,600335
958,2005-03-10,1.161,1.113,1.161,1.113,3755.0,600335
959,2005-03-11,1.11,1.121,1.129,1.102,2426.07,600335
960,2005-03-14,1.121,1.094,1.121,1.092,3854.51,600335
961,2005-03-15,1.11,1.118,1.139,1.097,3972.08,600335
962,2005-03-16,1.123,1.107,1.134,1.102,1890.0,600335
963,2005-03-17,1.107,1.097,1.107,1.068,2176.22,600335
964,2005-03-18,1.078,1.084,1.097,1.062,1706.0,600335
965,2005-03-21,1.065,1.076,1.086,1.065,1093.0,600335
966,2005-03-22,1.086,1.022,1.086,1.022,2816.0,600335
967,2005-03-23,1.012,0.972,1.012,0.972,4137.0,600335
968,2005-03-24,0.972,0.98,0.996,0.961,1340.19,600335
969,2005-03-25,0.961,0.993,1.009,0.961,1201.0,600335
970,2005-03-28,1.012,0.988,1.012,0.972,854.18,600335
971,2005-03-29,1.004,0.993,1.022,0.977,491.0,600335
972,2005-03-30,0.985,0.948,0.988,0.942,1355.0,600335
973,2005-03-31,0.948,0.948,0.948,0.908,1333.16,600335
974,2005-04-01,0.945,0.99,0.996,0.929,1974.0,600335
975,2005-04-04,0.98,0.961,0.985,0.953,891.0,600335
976,2005-04-05,0.98,0.956,0.98,0.94,891.0,600335
977,2005-04-07,0.972,0.982,0.996,0.972,1822.9,600335
978,2005-04-08,0.99,0.988,0.99,0.972,1655.06,600335
979,2005-04-11,0.988,1.004,1.006,0.972,2157.82,600335
980,2005-04-12,0.99,0.982,1.001,0.969,1010.89,600335
981,2005-04-13,0.993,0.996,0.996,0.977,2430.48,600335
982,2005-04-14,0.988,0.969,0.996,0.958,1278.0,600335
983,2005-04-15,0.953,0.932,0.953,0.921,2262.61,600335
984,2005-04-18,0.9,0.908,0.926,0.892,717.0,600335
985,2005-04-19,0.905,0.903,0.918,0.892,950.95,600335
986,2005-04-20,0.903,0.895,0.905,0.892,1344.0,600335
987,2005-04-21,0.924,0.852,0.924,0.849,1257.0,600335
988,2005-04-22,0.847,0.815,0.865,0.812,2356.61,600335
989,2005-04-25,0.815,0.82,0.825,0.804,896.0,600335
990,2005-04-26,0.86,0.844,0.86,0.828,1512.99,600335
991,2005-04-27,0.844,0.841,0.844,0.831,862.0,600335
992,2005-04-28,0.833,0.857,0.86,0.82,1407.47,600335
993,2005-04-29,0.855,0.847,0.855,0.839,1550.34,600335
994,2005-05-09,0.836,0.833,0.841,0.812,1626.0,600335
995,2005-05-10,0.812,0.812,0.836,0.799,1137.01,600335
996,2005-05-11,0.852,0.852,0.852,0.852,514.65,600335
997,2005-05-12,0.895,0.895,0.895,0.895,968.98,600335
998,2005-05-13,0.94,0.94,0.94,0.926,20047.17,600335
999,2005-05-16,0.945,0.929,0.945,0.905,4032.0,600335
1000,2005-05-17,0.908,0.903,0.942,0.9,4462.0,600335
1001,2005-05-18,0.903,0.932,0.937,0.881,4159.14,600335
1002,2005-05-19,0.913,0.913,0.929,0.91,1777.62,600335
1003,2005-05-20,0.908,0.948,0.958,0.908,8260.79,600335
1004,2005-05-23,0.934,0.926,0.966,0.913,4855.62,600335
1005,2005-05-24,0.908,0.929,0.942,0.903,3060.69,600335
1006,2005-05-25,0.94,0.956,0.972,0.916,4929.68,600335
1007,2005-05-26,0.956,0.956,0.964,0.937,1799.51,600335
1008,2005-05-27,0.94,0.958,0.977,0.937,2839.87,600335
1009,2005-05-30,1.006,1.006,1.006,1.006,3003.92,600335
1010,2005-05-31,1.049,1.057,1.057,1.017,17433.77,600335
1011,2005-06-01,1.076,1.006,1.076,1.004,15513.8,600335
1012,2005-06-02,0.988,0.956,0.996,0.956,8141.12,600335
1013,2005-06-03,0.956,0.966,0.972,0.932,3392.04,600335
1014,2005-06-06,0.972,0.95,0.972,0.918,3147.5,600335
1015,2005-06-07,0.945,0.953,0.964,0.945,3278.0,600335
1016,2005-06-08,0.958,1.001,1.001,0.958,9601.15,600335
1017,2005-06-09,1.001,1.001,1.014,0.982,8863.99,600335
1018,2005-06-10,0.993,1.012,1.02,0.993,5191.39,600335
1019,2005-06-13,1.006,1.033,1.036,0.998,5375.37,600335
1020,2005-06-14,1.033,0.985,1.033,0.982,4592.0,600335
1021,2005-06-15,0.985,1.036,1.036,0.974,13741.14,600335
1022,2005-06-16,1.017,1.028,1.054,1.012,5390.06,600335
1023,2005-06-17,1.044,1.036,1.049,1.022,2719.79,600335
1024,2005-06-20,1.078,1.086,1.086,1.054,23619.25,600335
1025,2005-06-21,1.094,1.139,1.139,1.094,14956.43,600335
1026,2005-06-22,1.182,1.11,1.195,1.105,38196.14,600335
1027,2005-06-23,1.092,1.094,1.129,1.092,8923.5,600335
1028,2005-06-24,1.089,1.065,1.089,1.06,6368.39,600335
1029,2005-06-27,1.078,1.118,1.118,1.065,8615.45,600335
1030,2005-06-28,1.115,1.092,1.115,1.086,5645.38,600335
1031,2005-06-29,1.073,1.07,1.084,1.06,4983.83,600335
1032,2005-06-30,1.054,1.062,1.107,1.054,4252.0,600335
1033,2005-07-01,1.06,1.009,1.078,1.009,6812.0,600335
1034,2005-07-04,0.993,0.958,0.993,0.958,2508.0,600335
1035,2005-07-05,0.918,0.956,0.966,0.91,4969.9,600335
1036,2005-07-06,0.964,0.985,0.99,0.964,3106.62,600335
1037,2005-07-07,0.961,0.95,0.982,0.942,2400.76,600335
1038,2005-07-08,0.94,0.903,0.94,0.903,5865.22,600335
1039,2005-07-11,0.905,0.857,0.932,0.857,3223.99,600335
1040,2005-07-12,0.847,0.892,0.897,0.82,4458.47,600335
1041,2005-07-13,0.881,0.903,0.926,0.881,3075.9,600335
1042,2005-07-14,0.9,0.881,0.91,0.879,2540.31,600335
1043,2005-07-15,0.863,0.868,0.881,0.852,3208.36,600335
1044,2005-07-18,0.847,0.844,0.863,0.825,2242.04,600335
1045,2005-07-19,0.841,0.86,0.863,0.828,1901.93,600335
1046,2005-07-20,0.857,0.863,0.863,0.847,1390.4,600335
1047,2005-07-21,0.852,0.868,0.873,0.852,1817.9,600335
1048,2005-07-22,0.887,0.881,0.892,0.863,2649.12,600335
1049,2005-07-25,0.873,0.876,0.887,0.852,1478.0,600335
1050,2005-07-26,0.873,0.887,0.895,0.857,2415.5,600335
1051,2005-07-27,0.884,0.905,0.905,0.881,2629.67,600335
1052,2005-07-28,0.895,0.897,0.913,0.895,3116.93,600335
1053,2005-07-29,0.892,0.903,0.916,0.892,2361.31,600335
1054,2005-08-01,0.905,0.929,0.942,0.903,3508.0,600335
1055,2005-08-02,0.948,0.966,0.972,0.948,9379.02,600335
1056,2005-08-03,0.966,0.95,0.966,0.918,5050.0,600335
1057,2005-08-04,0.945,0.937,0.95,0.934,3371.16,600335
1058,2005-08-05,0.937,0.953,0.961,0.937,4295.07,600335
1059,2005-08-08,0.95,0.969,0.969,0.948,4183.08,600335
1060,2005-08-09,0.953,0.969,0.972,0.953,3273.6,600335
1061,2005-08-10,0.969,0.998,1.017,0.958,6442.47,600335
1062,2005-08-11,0.993,1.004,1.012,0.982,5072.28,600335
1063,2005-08-12,1.02,0.961,1.02,0.958,6081.57,600335
1064,2005-08-15,0.961,1.001,1.009,0.961,3906.15,600335
1065,2005-08-16,1.014,1.028,1.052,1.001,8875.25,600335
1066,2005-08-17,1.022,1.046,1.054,0.998,5129.94,600335
1067,2005-08-18,1.033,1.004,1.07,0.998,6726.0,600335
1068,2005-08-19,1.009,1.028,1.038,1.001,5624.5,600335
1069,2005-08-22,1.009,1.014,1.03,1.009,3131.16,600335
1070,2005-08-23,1.012,0.99,1.012,0.977,5067.71,600335
1071,2005-08-24,0.985,0.996,1.02,0.985,3039.23,600335
1072,2005-08-25,0.985,1.036,1.044,0.98,7606.48,600335
1073,2005-08-26,1.038,1.07,1.084,1.036,13533.13,600335
1074,2005-08-29,1.078,1.036,1.107,1.028,9618.0,600335
1075,2005-08-30,1.025,0.985,1.028,0.985,7503.77,600335
1076,2005-08-31,0.98,0.996,0.998,0.948,4318.19,600335
1077,2005-09-01,0.996,1.017,1.022,0.974,5167.5,600335
1078,2005-09-02,1.014,1.022,1.028,1.006,4446.09,600335
1079,2005-09-05,1.025,1.057,1.062,1.022,6172.2,600335
1080,2005-09-06,1.049,1.014,1.065,1.012,6189.38,600335
1081,2005-09-07,1.012,1.054,1.054,1.012,4682.15,600335
1082,2005-09-08,1.078,1.046,1.078,1.028,4683.86,600335
1083,2005-09-09,1.049,1.049,1.057,1.038,4662.6,600335
1084,2005-09-12,1.054,1.073,1.078,1.044,6853.03,600335
1085,2005-09-13,1.073,1.086,1.102,1.057,6980.18,600335
1086,2005-09-14,1.089,1.086,1.089,1.062,8097.48,600335
1087,2005-09-15,1.086,1.139,1.139,1.07,20523.34,600335
1088,2005-09-16,1.139,1.147,1.195,1.126,32753.18,600335
1089,2005-09-19,1.139,1.161,1.163,1.123,11203.87,600335
1090,2005-09-20,1.166,1.211,1.219,1.131,18474.09,600335
1091,2005-09-21,1.203,1.15,1.235,1.15,24901.38,600335
1092,2005-09-22,1.134,1.092,1.134,1.092,11720.38,600335
1093,2005-09-23,1.07,1.086,1.142,1.065,8048.11,600335
1094,2005-09-26,1.068,1.092,1.105,1.065,4258.81,600335
1095,2005-09-27,1.094,1.084,1.115,1.078,5593.05,600335
1096,2005-09-28,1.073,1.03,1.084,1.03,10966.23,600335
1097,2005-09-29,1.038,1.078,1.078,1.033,7940.68,600335
1098,2005-09-30,1.078,1.062,1.086,1.06,4182.01,600335
1099,2005-10-10,1.052,1.046,1.062,1.038,1825.68,600335
1100,2005-10-11,1.046,1.076,1.076,1.036,2850.54,600335
1101,2005-10-12,1.078,1.092,1.105,1.068,4533.85,600335
1102,2005-10-13,1.092,1.097,1.102,1.076,4319.91,600335
1103,2005-10-14,1.092,1.137,1.145,1.092,8340.01,600335
1104,2005-10-17,1.129,1.121,1.145,1.105,5385.43,600335
1105,2005-10-18,1.118,1.123,1.129,1.107,4182.14,600335
1106,2005-10-19,1.118,1.131,1.134,1.097,6155.12,600335
1107,2005-10-20,1.121,1.158,1.179,1.115,14998.07,600335
1108,2005-10-21,1.145,1.153,1.166,1.139,6338.94,600335
1109,2005-10-24,1.145,1.129,1.153,1.121,5795.24,600335
1110,2005-10-25,1.134,1.094,1.137,1.078,5678.9,600335
1111,2005-10-26,1.078,1.057,1.094,1.041,5719.0,600335
1112,2005-10-27,1.052,1.076,1.078,1.049,4908.59,600335
1113,2005-10-31,1.078,1.062,1.078,1.022,3666.72,600335
1114,2005-11-01,1.052,1.052,1.078,1.044,4225.49,600335
1115,2005-11-02,1.049,1.068,1.089,1.049,5127.53,600335
1116,2005-11-03,1.076,1.078,1.089,1.062,3193.0,600335
1117,2005-11-04,1.078,1.073,1.086,1.068,3509.0,600335
1118,2005-11-07,1.068,1.081,1.086,1.052,2521.0,600335
1119,2005-11-08,1.084,1.092,1.092,1.076,2889.09,600335
1120,2005-11-09,1.089,1.068,1.092,1.062,2973.2,600335
1121,2005-11-10,1.073,1.041,1.073,1.025,4618.54,600335
1122,2005-11-11,1.038,1.012,1.038,0.993,4040.0,600335
1123,2005-11-14,1.006,1.022,1.022,0.985,2387.5,600335
1124,2005-11-15,1.012,0.99,1.028,0.985,3667.01,600335
1125,2005-11-16,0.988,0.993,1.006,0.977,3193.0,600335
1126,2005-11-17,0.993,1.001,1.017,0.99,4532.99,600335
1127,2005-11-18,1.001,1.022,1.022,0.998,5416.95,600335
1128,2005-11-21,1.014,1.022,1.03,1.012,2978.82,600335
1129,2005-11-22,1.073,1.073,1.073,1.073,6269.38,600335
1130,2005-11-23,1.07,1.06,1.073,1.025,6412.38,600335
1131,2005-11-24,1.052,1.06,1.073,1.044,3832.0,600335
1132,2005-11-25,1.054,1.057,1.062,1.046,2288.79,600335
1133,2005-11-28,1.054,1.06,1.078,1.052,2234.43,600335
1134,2005-11-29,1.046,1.065,1.07,1.044,2087.39,600335
1135,2005-11-30,1.057,1.062,1.065,1.044,1532.65,600335
1136,2005-12-01,1.046,1.06,1.07,1.046,1662.0,600335
1137,2005-12-02,1.049,1.036,1.054,1.03,1687.93,600335
1138,2005-12-05,1.033,0.985,1.033,0.985,5407.53,600335
1139,2005-12-06,0.972,1.012,1.012,0.972,2214.65,600335
1140,2005-12-07,1.004,1.022,1.025,0.996,2982.05,600335
1141,2005-12-08,1.028,1.009,1.028,0.972,3610.0,600335
1142,2005-12-09,0.99,1.025,1.025,0.99,2251.24,600335
1143,2005-12-12,1.022,1.03,1.033,1.012,1639.13,600335
1144,2005-12-13,1.036,1.028,1.036,1.009,1260.14,600335
1145,2005-12-14,1.03,1.033,1.046,1.025,4341.04,600335
1146,2005-12-15,1.03,1.025,1.036,1.022,1894.0,600335
1147,2005-12-16,1.076,1.041,1.076,1.033,5613.44,600335
1148,2005-12-19,1.033,1.049,1.052,1.033,2231.68,600335
1149,2005-12-20,1.054,1.049,1.054,1.036,1541.31,600335
1150,2005-12-21,1.049,1.028,1.049,1.025,1569.9,600335
1151,2005-12-22,1.022,1.038,1.044,1.017,1643.0,600335
1152,2005-12-23,1.036,1.049,1.054,1.036,3030.5,600335
1153,2005-12-26,1.057,1.07,1.07,1.049,4179.62,600335
1154,2005-12-27,1.068,1.086,1.105,1.068,7273.02,600335
1155,2005-12-28,1.086,1.081,1.089,1.073,2561.89,600335
1156,2005-12-29,1.089,1.089,1.097,1.081,3316.55,600335
1157,2005-12-30,1.094,1.065,1.094,1.062,3857.0,600335
1158,2006-01-04,1.073,1.081,1.086,1.073,2303.66,600335
1159,2006-01-05,1.081,1.081,1.086,1.065,2726.02,600335
1160,2006-01-06,1.078,1.097,1.118,1.078,4925.51,600335
1161,2006-01-09,1.105,1.11,1.131,1.097,5006.9,600335
1162,2006-01-10,1.107,1.129,1.131,1.099,3404.87,600335
1163,2006-01-11,1.118,1.102,1.126,1.092,4829.01,600335
1164,2006-01-12,1.081,1.107,1.115,1.081,3667.56,600335
1165,2006-01-13,1.107,1.118,1.126,1.105,4182.5,600335
1166,2006-01-16,1.126,1.115,1.134,1.107,5233.06,600335
1167,2006-01-17,1.11,1.137,1.137,1.107,5508.23,600335
1168,2006-01-18,1.137,1.145,1.153,1.121,4927.14,600335
1169,2006-01-19,1.137,1.139,1.15,1.118,5556.96,600335
1170,2006-01-20,1.131,1.139,1.142,1.115,3645.6,600335
1171,2006-01-23,1.139,1.118,1.139,1.107,5634.03,600335
1172,2006-01-24,1.121,1.099,1.126,1.081,8350.99,600335
1173,2006-01-25,1.102,1.097,1.105,1.076,3615.11,600335
1174,2006-02-06,1.097,1.118,1.126,1.094,3131.3,600335
1175,2006-02-07,1.131,1.166,1.166,1.113,10536.0,600335
1176,2006-02-08,1.166,1.147,1.198,1.145,6328.82,600335
1177,2006-02-09,1.145,1.158,1.185,1.145,5250.0,600335
1178,2006-02-10,1.147,1.163,1.166,1.147,2476.96,600335
1179,2006-02-13,1.163,1.166,1.171,1.147,2577.29,600335
1180,2006-02-14,1.166,1.155,1.166,1.15,2093.1,600335
1181,2006-02-15,1.155,1.179,1.185,1.155,5421.14,600335
1182,2006-02-16,1.177,1.121,1.182,1.121,6174.15,600335
1183,2006-02-17,1.115,1.097,1.129,1.092,3589.43,600335
1184,2006-02-20,1.097,1.097,1.113,1.092,2391.02,600335
1185,2006-02-21,1.102,1.126,1.129,1.089,2181.9,600335
1186,2006-02-22,1.11,1.107,1.123,1.102,2268.1,600335
1187,2006-02-23,1.11,1.113,1.123,1.099,1424.47,600335
1188,2006-02-24,1.107,1.118,1.121,1.102,1621.16,600335
1189,2006-02-27,1.113,1.115,1.118,1.099,1981.54,600335
1190,2006-02-28,1.115,1.107,1.115,1.086,2325.28,600335
1191,2006-03-01,1.094,1.113,1.115,1.094,1309.17,600335
1192,2006-03-02,1.105,1.126,1.134,1.099,4646.95,600335
1193,2006-03-03,1.126,1.147,1.158,1.123,6950.05,600335
1194,2006-03-06,1.142,1.145,1.155,1.131,3370.5,600335
1195,2006-03-07,1.139,1.092,1.142,1.089,4299.37,600335
1196,2006-03-08,1.086,1.078,1.097,1.07,1719.55,600335
1197,2006-03-09,1.078,1.068,1.092,1.062,1642.0,600335
1198,2006-03-10,1.06,1.076,1.089,1.06,1151.0,600335
1199,2006-03-13,1.052,1.081,1.086,1.052,1003.0,600335
1200,2006-03-14,1.076,1.073,1.086,1.065,844.0,600335
1201,2006-03-15,1.092,1.089,1.092,1.068,1124.0,600335
1202,2006-03-16,1.078,1.089,1.092,1.076,1117.7,600335
1203,2006-03-17,1.081,1.084,1.089,1.07,1678.02,600335
1204,2006-03-20,1.076,1.089,1.097,1.076,1867.0,600335
1205,2006-03-21,1.089,1.092,1.099,1.084,2771.75,600335
1206,2006-03-22,1.092,1.102,1.102,1.076,2666.23,600335
1207,2006-03-23,1.102,1.102,1.11,1.086,2882.0,600335
1208,2006-03-24,1.099,1.123,1.139,1.084,6509.36,600335
1209,2006-03-27,1.118,1.161,1.179,1.113,14272.25,600335
1210,2006-03-28,1.166,1.137,1.174,1.131,7114.74,600335
1211,2006-03-29,1.134,1.131,1.158,1.129,4213.09,600335
1212,2006-03-30,1.129,1.115,1.139,1.113,2808.59,600335
1213,2006-03-31,1.129,1.107,1.129,1.102,3225.26,600335
1214,2006-04-03,1.11,1.131,1.147,1.11,4200.07,600335
1215,2006-04-04,1.121,1.142,1.142,1.113,4899.35,600335
1216,2006-04-05,1.137,1.185,1.198,1.137,14884.87,600335
1217,2006-04-06,1.187,1.169,1.187,1.155,6869.09,600335
1218,2006-04-07,1.171,1.227,1.227,1.171,16754.95,600335
1219,2006-04-10,1.241,1.289,1.289,1.238,9023.69,600335
1220,2006-04-11,1.342,1.262,1.352,1.246,17754.63,600335
1221,2006-04-12,1.299,1.296,1.326,1.265,13364.43,600335
1222,2006-04-13,1.291,1.233,1.294,1.233,7962.35,600335
1223,2006-04-14,1.193,1.254,1.259,1.185,9828.23,600335
1224,2006-04-17,1.251,1.31,1.318,1.23,11892.55,600335
1225,2006-04-18,1.31,1.291,1.339,1.273,7965.57,600335
1226,2006-04-19,1.294,1.275,1.304,1.259,5220.81,600335
1227,2006-04-20,1.273,1.27,1.299,1.257,5413.0,600335
1228,2006-04-21,1.27,1.267,1.27,1.23,8551.99,600335
1229,2006-04-24,1.267,1.331,1.331,1.265,13124.2,600335
1230,2006-04-25,1.265,1.265,1.296,1.265,20632.0,600335
1231,2006-04-26,1.249,1.257,1.265,1.201,12355.8,600335
1232,2006-04-27,1.225,1.289,1.304,1.225,6981.12,600335
1233,2006-04-28,1.257,1.328,1.352,1.227,12715.88,600335
1234,2006-05-08,1.328,1.358,1.384,1.307,10801.4,600335
1235,2006-05-09,1.363,1.331,1.371,1.31,15605.21,600335
1236,2006-05-10,1.331,1.296,1.344,1.265,15736.58,600335
1237,2006-05-11,1.296,1.296,1.342,1.286,20100.72,600335
1238,2006-05-12,1.299,1.36,1.36,1.296,17705.71,600335
1239,2006-05-15,1.366,1.43,1.43,1.363,24377.25,600335
1240,2006-05-16,1.435,1.363,1.438,1.358,16925.85,600335
1241,2006-05-17,1.358,1.432,1.432,1.328,17779.66,600335
1242,2006-05-19,1.451,1.504,1.504,1.432,10487.96,600335
1243,2006-05-22,1.515,1.486,1.544,1.464,14656.0,600335
1244,2006-05-23,1.475,1.411,1.475,1.411,14480.9,600335
1245,2006-05-25,1.544,1.531,1.544,1.406,26403.99,600335
1246,2006-05-26,1.536,1.571,1.595,1.464,19593.34,600335
1247,2006-05-29,1.571,1.728,1.728,1.568,20879.23,600335
1248,2006-05-30,1.73,1.895,1.901,1.73,34779.59,600335
1249,2006-05-31,1.858,1.837,1.864,1.786,19112.35,600335
1250,2006-06-01,1.832,1.909,1.965,1.826,18568.2,600335
1251,2006-06-02,1.917,1.832,1.959,1.824,16547.98,600335
1252,2006-06-05,1.832,1.842,1.922,1.816,10306.62,600335
1253,2006-06-06,1.842,1.887,1.991,1.832,15839.71,600335
1254,2006-06-07,1.885,1.698,1.893,1.698,16124.0,600335
1255,2006-06-08,1.664,1.738,1.778,1.603,17444.92,600335
1256,2006-06-09,1.752,1.701,1.848,1.69,21285.3,600335
1257,2006-06-12,1.68,1.68,1.728,1.645,6336.65,600335
1258,2006-06-13,1.69,1.637,1.706,1.619,7018.14,600335
1259,2006-06-14,1.637,1.541,1.645,1.504,9743.99,600335
1260,2006-06-15,1.533,1.549,1.608,1.533,5171.0,600335
1261,2006-06-16,1.595,1.637,1.643,1.557,8777.91,600335
1262,2006-06-19,1.645,1.643,1.675,1.597,8298.47,600335
1263,2006-06-20,1.643,1.754,1.773,1.629,14305.08,600335
1264,2006-06-21,1.752,1.701,1.752,1.68,9075.44,600335
1265,2006-06-22,1.677,1.77,1.773,1.677,9704.67,600335
1266,2006-06-23,1.773,1.757,1.805,1.725,8883.0,600335
1267,2006-06-26,1.776,1.786,1.805,1.746,6311.16,600335
1268,2006-06-27,1.784,1.733,1.797,1.725,6900.0,600335
1269,2006-06-28,1.733,1.781,1.826,1.733,10614.94,600335
1270,2006-06-29,1.797,1.877,1.887,1.797,20861.37,600335
1271,2006-06-30,1.93,2.047,2.066,1.93,45137.62,600335
1272,2006-07-03,2.01,2.162,2.231,1.986,35698.92,600335
1273,2006-07-04,2.162,2.066,2.175,2.037,26252.19,600335
1274,2006-07-05,2.076,2.031,2.076,1.919,16738.61,600335
1275,2006-07-06,2.023,2.055,2.079,1.991,13398.23,600335
1276,2006-07-07,2.058,2.007,2.095,1.997,9047.51,600335
1277,2006-07-10,1.983,2.021,2.055,1.97,7847.54,600335
1278,2006-07-11,2.018,2.023,2.023,1.983,7053.37,600335
1279,2006-07-12,2.013,2.092,2.13,2.013,18388.83,600335
1280,2006-07-13,2.071,1.882,2.071,1.882,17824.5,600335
1281,2006-07-14,1.864,1.853,1.909,1.81,11772.35,600335
1282,2006-07-17,1.84,1.872,1.898,1.837,5259.9,600335
1283,2006-07-18,1.872,1.93,1.957,1.861,8592.11,600335
1284,2006-07-19,1.93,1.864,1.93,1.832,6934.81,600335
1285,2006-07-20,1.861,1.877,1.903,1.842,2857.54,600335
1286,2006-07-21,1.879,1.872,1.89,1.858,4353.37,600335
1287,2006-07-24,1.864,1.845,1.864,1.744,4255.55,600335
1288,2006-07-25,1.845,1.893,1.909,1.826,5770.62,600335
1289,2006-07-26,1.906,1.887,1.909,1.872,4115.13,600335
1290,2006-07-27,1.887,1.869,1.903,1.824,3733.69,600335
1291,2006-07-28,1.842,1.85,1.877,1.813,3648.54,600335
1292,2006-07-31,1.824,1.709,1.85,1.704,4136.24,600335
1293,2006-08-01,1.744,1.637,1.744,1.637,4890.87,600335
1294,2006-08-02,1.637,1.68,1.701,1.635,4204.68,600335
1295,2006-08-03,1.68,1.659,1.717,1.613,2713.69,600335
1296,2006-08-04,1.643,1.603,1.677,1.595,2713.5,600335
1297,2006-08-07,1.584,1.515,1.597,1.512,4261.09,600335
1298,2006-08-08,1.515,1.565,1.576,1.486,4723.43,600335
1299,2006-08-09,1.579,1.603,1.648,1.565,7395.84,600335
1300,2006-08-10,1.603,1.632,1.632,1.571,3058.66,600335
1301,2006-08-11,1.629,1.624,1.648,1.613,3393.89,600335
1302,2006-08-14,1.595,1.539,1.648,1.525,3064.9,600335
1303,2006-08-15,1.533,1.576,1.579,1.515,2219.39,600335
1304,2006-08-16,1.587,1.621,1.629,1.576,2359.4,600335
1305,2006-08-17,1.621,1.576,1.621,1.547,3265.0,600335
1306,2006-08-18,1.581,1.571,1.587,1.563,1722.1,600335
1307,2006-08-21,1.509,1.576,1.579,1.478,3149.75,600335
1308,2006-08-22,1.56,1.608,1.611,1.557,2892.9,600335
1309,2006-08-23,1.584,1.677,1.714,1.579,12718.7,600335
1310,2006-08-24,1.704,1.709,1.741,1.682,11541.78,600335
1311,2006-08-25,1.704,1.667,1.712,1.664,5473.1,600335
1312,2006-08-28,1.656,1.712,1.714,1.656,5645.18,600335
1313,2006-08-29,1.701,1.677,1.738,1.677,6359.9,600335
1314,2006-08-30,1.677,1.698,1.741,1.645,4357.5,600335
1315,2006-08-31,1.68,1.677,1.698,1.667,3365.5,600335
1316,2006-09-01,1.672,1.621,1.677,1.619,5053.0,600335
1317,2006-09-04,1.619,1.669,1.672,1.619,3253.0,600335
1318,2006-09-05,1.667,1.672,1.69,1.667,3384.05,600335
1319,2006-09-06,1.667,1.677,1.685,1.645,3069.88,600335
1320,2006-09-07,1.677,1.643,1.68,1.64,2903.3,600335
1321,2006-09-11,1.69,1.677,1.69,1.645,3300.04,600335
1322,2006-09-12,1.672,1.797,1.81,1.672,19721.5,600335
1323,2006-09-13,1.781,1.717,1.781,1.712,13758.72,600335
1324,2006-09-14,1.709,1.714,1.752,1.677,3825.96,600335
1325,2006-09-15,1.736,1.749,1.76,1.709,6476.0,600335
1326,2006-09-18,1.741,1.784,1.794,1.73,5563.78,600335
1327,2006-09-19,1.784,1.752,1.786,1.744,5888.61,600335
1328,2006-09-20,1.741,1.757,1.768,1.733,3857.58,600335
1329,2006-09-21,1.744,1.813,1.842,1.744,9572.62,600335
1330,2006-09-22,1.813,1.895,1.917,1.813,21379.47,600335
1331,2006-09-25,1.895,1.866,1.895,1.826,8087.3,600335
1332,2006-09-26,1.842,1.951,1.957,1.842,12994.37,600335
1333,2006-09-27,1.935,1.938,1.943,1.866,13757.89,600335
1334,2006-09-28,1.917,1.877,1.919,1.866,9869.66,600335
1335,2006-09-29,1.877,1.842,1.885,1.816,13340.0,600335
1336,2006-10-09,1.842,1.877,1.882,1.818,6433.16,600335
1337,2006-10-10,1.864,1.832,1.887,1.832,5363.0,600335
1338,2006-10-11,1.829,1.829,1.848,1.813,4467.32,600335
1339,2006-10-12,1.832,1.805,1.837,1.786,4961.13,600335
1340,2006-10-13,1.802,1.826,1.845,1.784,4808.95,600335
1341,2006-10-16,1.832,1.874,1.898,1.808,7615.76,600335
1342,2006-10-17,1.887,1.848,1.887,1.84,2995.3,600335
1343,2006-10-18,1.848,1.856,1.864,1.826,4350.6,600335
1344,2006-10-19,1.856,1.874,1.898,1.853,8188.03,600335
1345,2006-10-20,1.877,1.829,1.887,1.818,4242.2,600335
1346,2006-10-23,1.829,1.717,1.834,1.704,6511.3,600335
1347,2006-10-24,1.706,1.792,1.808,1.704,6846.76,600335
1348,2006-10-25,1.797,1.73,1.808,1.717,5440.5,600335
1349,2006-10-26,1.709,1.73,1.749,1.709,2801.06,600335
1350,2006-10-27,1.733,1.659,1.768,1.653,4720.0,600335
1351,2006-11-13,1.81,1.744,1.818,1.728,12644.58,600335
1352,2006-11-14,1.752,1.645,1.773,1.571,6418.06,600335
1353,2006-11-15,1.635,1.664,1.717,1.576,4842.0,600335
1354,2006-11-16,1.677,1.611,1.68,1.603,8748.04,600335
1355,2006-12-08,1.352,1.283,1.352,1.283,38391.12,600335
1356,2006-12-11,1.292,1.289,1.318,1.273,25401.38,600335
1357,2006-12-12,1.292,1.418,1.418,1.289,58711.57,600335
1358,2006-12-13,1.428,1.368,1.428,1.365,35934.29,600335
1359,2006-12-14,1.359,1.415,1.444,1.34,29681.81,600335
1360,2006-12-15,1.412,1.425,1.466,1.387,27988.55,600335
1361,2006-12-18,1.415,1.418,1.447,1.387,25168.23,600335
1362,2006-12-19,1.418,1.396,1.428,1.371,19404.21,600335
1363,2006-12-20,1.39,1.403,1.431,1.374,20352.05,600335
1364,2006-12-21,1.409,1.447,1.459,1.387,40471.11,600335
1365,2006-12-22,1.447,1.519,1.567,1.434,67092.2,600335
1366,2006-12-25,1.491,1.497,1.529,1.475,26281.0,600335
1367,2006-12-26,1.488,1.434,1.488,1.393,23863.01,600335
1368,2006-12-27,1.422,1.399,1.434,1.387,13357.46,600335
1369,2006-12-28,1.406,1.463,1.466,1.321,26659.71,600335
1370,2006-12-29,1.453,1.409,1.453,1.403,17436.92,600335
1371,2007-01-04,1.409,1.343,1.409,1.34,22548.63,600335
1372,2007-01-05,1.333,1.371,1.381,1.324,12119.9,600335
1373,2007-01-08,1.355,1.5,1.51,1.355,34202.08,600335
1374,2007-01-09,1.5,1.544,1.557,1.463,56330.43,600335
1375,2007-01-10,1.563,1.633,1.639,1.519,52192.92,600335
1376,2007-01-11,1.633,1.689,1.708,1.585,69788.07,600335
1377,2007-01-12,1.693,1.548,1.715,1.544,77930.19,600335
1378,2007-01-15,1.535,1.592,1.595,1.504,29955.71,600335
1379,2007-01-16,1.592,1.573,1.626,1.532,29300.55,600335
1380,2007-01-17,1.579,1.626,1.63,1.544,36915.7,600335
1381,2007-01-18,1.633,1.617,1.636,1.567,20699.27,600335
1382,2007-01-19,1.617,1.671,1.699,1.617,35779.74,600335
1383,2007-01-22,1.671,1.771,1.803,1.671,56190.54,600335
1384,2007-01-23,1.891,1.948,1.948,1.891,70545.79,600335
1385,2007-01-24,2.017,1.891,2.017,1.828,74935.38,600335
1386,2007-01-25,1.891,1.759,1.891,1.705,41148.26,600335
1387,2007-01-26,1.734,1.712,1.749,1.608,30783.21,600335
1388,2007-01-29,1.702,1.781,1.787,1.696,26279.01,600335
1389,2007-01-30,1.784,1.857,1.86,1.756,33362.61,600335
1390,2007-01-31,1.86,1.708,1.875,1.686,27297.09,600335
1391,2007-02-01,1.696,1.746,1.762,1.667,25906.45,600335
1392,2007-02-02,1.797,1.749,1.86,1.712,46129.7,600335
1393,2007-02-05,1.73,1.721,1.756,1.674,15832.29,600335
1394,2007-02-06,1.724,1.756,1.765,1.708,12015.74,600335
1395,2007-02-07,1.753,1.787,1.793,1.746,23251.63,600335
1396,2007-02-08,1.797,1.806,1.847,1.793,28727.36,600335
1397,2007-02-09,1.809,1.762,1.822,1.753,19853.51,600335
1398,2007-02-13,1.781,1.841,1.844,1.74,26404.07,600335
1399,2007-02-14,1.841,1.875,1.891,1.816,27492.94,600335
1400,2007-02-15,1.875,1.951,1.951,1.85,40580.04,600335
1401,2007-02-16,1.986,1.992,2.08,1.954,66081.87,600335
1402,2007-02-26,2.014,2.074,2.09,1.973,33068.33,600335
1403,2007-02-27,2.065,1.866,2.112,1.866,42310.61,600335
1404,2007-02-28,1.828,1.935,1.961,1.806,25796.88,600335
1405,2007-03-01,1.932,1.869,1.935,1.844,22786.02,600335
1406,2007-03-02,1.86,1.904,1.932,1.86,17723.59,600335
1407,2007-03-05,1.929,1.904,1.948,1.844,16295.53,600335
1408,2007-03-06,1.891,1.923,1.929,1.891,16174.87,600335
1409,2007-03-07,1.92,1.979,2.002,1.92,23161.14,600335
1410,2007-03-08,1.979,2.017,2.017,1.954,24207.29,600335
1411,2007-03-09,2.017,1.998,2.055,1.973,23022.47,600335
1412,2007-03-12,1.992,2.058,2.074,1.948,34054.07,600335
1413,2007-03-13,2.042,2.263,2.263,2.008,108472.56,600335
1414,2007-03-14,2.285,2.392,2.449,2.175,112670.21,600335
1415,2007-03-15,2.392,2.452,2.547,2.339,79294.99,600335
1416,2007-03-16,2.452,2.503,2.518,2.38,85068.04,600335
1417,2007-03-19,2.522,2.663,2.742,2.515,106424.28,600335
1418,2007-03-20,2.673,2.604,2.673,2.553,56461.4,600335
1419,2007-03-21,2.575,2.578,2.607,2.5,48307.82,600335
1420,2007-03-22,2.578,2.544,2.654,2.525,43272.68,600335
1421,2007-03-23,2.537,2.588,2.607,2.522,29691.03,600335
1422,2007-03-26,2.613,2.632,2.638,2.547,45310.95,600335
1423,2007-03-27,2.657,2.786,2.862,2.616,52172.91,600335
1424,2007-03-28,2.834,2.638,2.834,2.525,51144.9,600335
1425,2007-03-29,2.648,2.43,2.663,2.427,41698.43,600335
1426,2007-03-30,2.402,2.477,2.506,2.395,21302.83,600335
1427,2007-04-02,2.481,2.544,2.547,2.462,22417.08,600335
1428,2007-04-03,2.559,2.676,2.736,2.49,47237.49,600335
1429,2007-04-04,2.673,2.632,2.695,2.604,28964.26,600335
1430,2007-04-05,2.604,2.651,2.676,2.585,26519.4,600335
1431,2007-04-06,2.604,2.701,2.799,2.604,41192.25,600335
1432,2007-04-09,2.717,2.887,2.893,2.698,62895.68,600335
1433,2007-04-10,2.884,2.827,2.884,2.742,35953.41,600335
1434,2007-04-11,2.824,2.764,2.824,2.711,34996.28,600335
1435,2007-04-12,2.752,2.821,2.916,2.749,31789.8,600335
1436,2007-04-13,2.786,2.84,2.9,2.711,38726.79,600335
1437,2007-04-16,2.837,2.922,3.02,2.837,39738.82,600335
1438,2007-04-17,2.925,2.922,2.991,2.805,46011.76,600335
1439,2007-04-18,2.922,3.026,3.111,2.919,51233.09,600335
1440,2007-04-19,3.061,2.786,3.064,2.723,47173.27,600335
1441,2007-04-20,2.786,2.934,2.963,2.786,41785.95,600335
1442,2007-04-23,2.944,3.023,3.038,2.893,62904.16,600335
1443,2007-04-24,3.023,3.092,3.105,2.95,62140.61,600335
1444,2007-04-25,3.105,3.202,3.341,3.045,78936.43,600335
1445,2007-04-26,3.231,3.202,3.247,3.12,38193.67,600335
1446,2007-04-27,3.202,3.083,3.224,3.076,37926.72,600335
1447,2007-04-30,3.067,3.032,3.105,2.957,39130.2,600335
1448,2007-05-08,3.057,3.168,3.206,3.057,49271.29,600335
1449,2007-05-09,3.152,3.221,3.247,3.057,51977.16,600335
1450,2007-05-10,3.231,3.338,3.391,3.183,78682.83,600335
1451,2007-05-11,3.278,3.432,3.527,3.218,73336.01,600335
1452,2007-05-14,3.373,3.543,3.666,3.325,52519.82,600335
1453,2007-05-15,3.587,3.606,3.678,3.401,85828.73,600335
1454,2007-05-16,3.6,3.927,3.965,3.53,117711.94,600335
1455,2007-05-17,3.839,3.852,3.971,3.741,81365.73,600335
1456,2007-05-18,3.814,3.688,3.871,3.672,54012.84,600335
1457,2007-05-21,3.499,3.694,3.77,3.496,40217.94,600335
1458,2007-05-22,3.694,3.738,3.845,3.694,37981.85,600335
1459,2007-05-23,3.773,3.927,3.94,3.672,54047.43,600335
1460,2007-05-24,3.927,3.751,3.927,3.688,49068.41,600335
1461,2007-05-28,3.845,3.782,3.877,3.76,41568.68,600335
1462,2007-05-29,3.804,4.003,4.05,3.735,71520.19,600335
1463,2007-05-30,3.606,3.603,3.874,3.603,48096.68,600335
1464,2007-05-31,3.467,3.243,3.53,3.243,46663.46,600335
1465,2007-06-01,3.221,2.919,3.221,2.919,46187.97,600335
1466,2007-06-04,2.796,2.626,2.868,2.626,16404.15,600335
1467,2007-06-05,2.364,2.477,2.506,2.364,53841.08,600335
1468,2007-06-06,2.496,2.509,2.585,2.399,48164.78,600335
1469,2007-06-07,2.484,2.61,2.61,2.452,41604.6,600335
1470,2007-06-08,2.632,2.644,2.774,2.6,44197.8,600335
1471,2007-06-11,2.663,2.616,2.695,2.585,42838.46,600335
1472,2007-06-12,2.616,2.726,2.73,2.522,51057.47,600335
1473,2007-06-13,2.736,2.871,2.916,2.698,56619.28,600335
1474,2007-06-14,2.849,2.764,2.922,2.742,39516.33,600335
1475,2007-06-15,2.761,2.679,2.821,2.66,29818.45,600335
1476,2007-06-18,2.711,2.853,2.859,2.679,36658.4,600335
1477,2007-06-19,2.802,2.83,2.862,2.736,31220.25,600335
1478,2007-06-20,2.821,2.786,2.931,2.774,44936.39,600335
1479,2007-06-21,2.799,2.916,2.919,2.679,52676.81,600335
1480,2007-06-22,2.925,2.714,3.067,2.663,66636.62,600335
1481,2007-06-25,2.695,2.443,2.723,2.443,28757.32,600335
1482,2007-06-26,2.317,2.355,2.364,2.203,31889.04,600335
1483,2007-06-27,2.355,2.408,2.414,2.32,20177.68,600335
1484,2007-06-28,2.405,2.169,2.427,2.169,25707.39,600335
1485,2007-06-29,2.02,2.033,2.169,1.951,27745.58,600335
1486,2007-07-02,2.074,2.14,2.143,2.036,16073.97,600335
1487,2007-07-03,2.143,2.134,2.172,2.049,16116.13,600335
1488,2007-07-04,2.134,2.061,2.14,2.049,9404.74,600335
1489,2007-07-05,2.033,2.093,2.232,1.986,35654.0,600335
1490,2007-07-06,2.106,2.301,2.301,2.09,45952.81,600335
1491,2007-07-09,2.348,2.348,2.421,2.222,43841.33,600335
1492,2007-07-10,2.329,2.241,2.329,2.216,20636.28,600335
1493,2007-07-11,2.263,2.285,2.323,2.225,14325.61,600335
1494,2007-07-12,2.251,2.269,2.323,2.222,11014.5,600335
1495,2007-07-13,2.244,2.21,2.269,2.143,12352.45,600335
1496,2007-07-16,2.21,2.137,2.216,2.115,10016.52,600335
1497,2007-07-17,2.09,2.178,2.222,2.09,9435.59,600335
1498,2007-07-18,2.162,2.194,2.216,2.143,7790.97,600335
1499,2007-07-19,2.191,2.273,2.276,2.159,9706.57,600335
1500,2007-07-20,2.291,2.348,2.405,2.257,24003.06,600335
1501,2007-07-23,2.364,2.474,2.509,2.329,30698.34,600335
1502,2007-07-24,2.462,2.44,2.512,2.427,23994.95,600335
1503,2007-07-25,2.399,2.522,2.534,2.399,18949.26,600335
1504,2007-07-26,2.496,2.6,2.679,2.496,23375.55,600335
1505,2007-07-27,2.556,2.808,2.812,2.528,33525.76,600335
1506,2007-07-30,2.742,3.001,3.01,2.739,48924.46,600335
1507,2007-07-31,2.963,3.098,3.272,2.84,79095.17,600335
1508,2007-08-01,3.057,2.789,3.089,2.789,44931.69,600335
1509,2007-08-02,2.789,2.849,2.916,2.673,29045.87,600335
1510,2007-08-03,2.849,2.865,2.931,2.802,20338.59,600335
1511,2007-08-06,2.868,2.928,2.982,2.837,19752.15,600335
1512,2007-08-07,2.9,2.994,3.048,2.884,28299.29,600335
1513,2007-08-08,2.994,3.02,3.026,2.862,26439.77,600335
1514,2007-08-09,2.994,2.969,3.067,2.938,19589.17,600335
1515,2007-08-10,2.931,2.726,2.938,2.673,30210.76,600335
1516,2007-08-13,2.695,2.704,2.755,2.638,13139.29,600335
1517,2007-08-14,2.742,2.789,2.834,2.695,11611.88,600335
1518,2007-08-15,2.789,2.878,2.903,2.739,19163.03,600335
1519,2007-08-16,2.878,2.897,2.9,2.805,16429.61,600335
1520,2007-08-17,2.884,2.846,2.922,2.83,15487.84,600335
1521,2007-08-20,2.897,3.13,3.13,2.837,57084.45,600335
1522,2007-08-21,3.136,3.297,3.404,3.092,66014.55,600335
1523,2007-08-22,3.114,3.628,3.628,3.108,97744.97,600335
1524,2007-08-23,3.659,3.615,3.782,3.514,61364.31,600335
1525,2007-08-24,3.615,3.978,3.978,3.615,74565.3,600335
1526,2007-08-27,4.034,4.176,4.255,3.934,92326.68,600335
1527,2007-08-28,4.157,4.057,4.157,3.785,41066.71,600335
1528,2007-08-29,4.003,3.704,4.003,3.65,66197.2,600335
1529,2007-08-30,3.729,3.795,3.902,3.729,35774.0,600335
1530,2007-08-31,3.795,4.173,4.173,3.785,52842.55,600335
1531,2007-09-03,4.271,4.246,4.378,4.161,49375.24,600335
1532,2007-09-05,4.444,4.879,4.879,4.438,44068.72,600335
1533,2007-09-07,5.012,4.596,5.012,4.46,63917.2,600335
1534,2007-09-10,4.596,4.741,4.854,4.356,24987.74,600335
1535,2007-09-11,4.772,4.807,5.138,4.655,49954.12,600335
1536,2007-09-12,4.785,5.03,5.1,4.696,36639.13,600335
1537,2007-09-13,5.232,5.046,5.289,4.832,35152.61,600335
1538,2007-09-14,4.923,4.863,5.094,4.728,22363.77,600335
1539,2007-09-17,4.791,4.804,4.993,4.753,22646.12,600335
1540,2007-09-18,4.804,4.636,4.942,4.57,20672.67,600335
1541,2007-09-19,4.586,4.469,4.696,4.406,21461.68,600335
1542,2007-09-20,4.536,4.785,4.901,4.447,26656.23,600335
1543,2007-09-21,4.734,4.57,4.791,4.413,16434.9,600335
1544,2007-09-24,4.586,4.722,4.728,4.375,21227.68,600335
1545,2007-09-25,4.58,4.703,4.81,4.58,12145.03,600335
1546,2007-09-26,4.712,4.564,4.728,4.507,7255.1,600335
1547,2007-09-27,4.592,4.539,4.633,4.428,8728.46,600335
1548,2007-09-28,4.545,4.586,4.687,4.545,10660.78,600335
1549,2007-10-08,4.614,4.504,4.725,4.485,10113.11,600335
1550,2007-10-09,4.504,4.671,4.822,4.473,16523.56,600335
1551,2007-10-10,4.684,5.138,5.138,4.684,52234.74,600335
1552,2007-10-11,5.169,5.075,5.406,5.005,52112.5,600335
1553,2007-10-12,5.163,5.582,5.582,5.163,69145.27,600335
1554,2007-10-15,5.658,6.14,6.14,5.658,30130.63,600335
1555,2007-11-19,5.951,5.525,5.951,5.525,2021.0,600335
1556,2007-11-20,4.974,4.974,4.974,4.974,6961.0,600335
1557,2007-11-21,4.885,4.829,5.198,4.728,31598.82,600335
1558,2007-11-22,4.791,5.027,5.295,4.728,36491.08,600335
1559,2007-11-23,4.536,4.822,4.98,4.536,18500.54,600335
1560,2007-11-26,4.807,4.671,4.917,4.602,14271.62,600335
1561,2007-11-27,4.57,4.365,4.709,4.205,14489.43,600335
1562,2007-11-28,4.359,4.239,4.391,4.129,9964.79,600335
1563,2007-11-29,4.312,4.35,4.365,4.239,9930.14,600335
1564,2007-11-30,4.384,4.785,4.785,4.35,24968.61,600335
1565,2007-12-03,4.788,5.024,5.194,4.476,28167.74,600335
1566,2007-12-04,4.885,4.939,5.169,4.885,12831.04,600335
1567,2007-12-05,4.838,4.885,5.027,4.763,11334.72,600335
1568,2007-12-06,4.889,5.027,5.043,4.822,8767.3,600335
1569,2007-12-07,4.983,4.996,5.138,4.917,8806.29,600335
1570,2007-12-10,4.885,4.961,5.138,4.854,32562.21,600335
1571,2007-12-11,4.996,5.292,5.453,4.949,37843.28,600335
1572,2007-12-12,5.21,5.201,5.358,5.103,21533.07,600335
1573,2007-12-13,5.153,4.819,5.292,4.791,19805.12,600335
1574,2007-12-14,4.775,4.993,4.999,4.731,17467.62,600335
1575,2007-12-17,4.964,4.848,5.043,4.826,11943.0,600335
1576,2007-12-18,4.826,4.892,4.98,4.766,4745.59,600335
1577,2007-12-19,4.901,4.939,4.996,4.854,12006.18,600335
1578,2007-12-20,4.939,5.084,5.201,4.939,24324.7,600335
1579,2007-12-21,5.043,5.109,5.179,4.99,23311.83,600335
1580,2007-12-24,5.125,5.286,5.311,5.1,32632.31,600335
1581,2007-12-25,5.273,5.194,5.352,5.169,23386.29,600335
1582,2007-12-26,5.201,5.201,5.327,5.125,22294.08,600335
1583,2007-12-27,5.201,5.459,5.488,5.169,36046.68,600335
1584,2007-12-28,5.494,5.777,5.951,5.361,44723.26,600335
1585,2008-01-03,5.777,6.354,6.354,5.777,51573.71,600335
1586,2008-01-04,6.376,6.367,6.531,6.212,28834.17,600335
1587,2008-01-07,6.474,6.465,6.789,6.373,35523.03,600335
1588,2008-01-08,6.493,6.373,6.584,6.209,31341.23,600335
1589,2008-01-09,6.383,6.906,7.004,6.235,27686.05,600335
1590,2008-01-10,6.934,7.114,7.376,6.84,24457.28,600335
1591,2008-01-11,7.133,7.029,7.205,6.818,19017.28,600335
1592,2008-01-14,7.029,7.246,7.407,6.934,19993.21,600335
1593,2008-01-15,7.243,7.079,7.312,6.95,21266.07,600335
1594,2008-01-16,7.029,6.773,7.029,6.619,20940.29,600335
1595,2008-01-17,6.742,6.357,6.89,6.253,18821.4,600335
1596,2008-01-18,6.54,6.405,6.588,6.351,15780.82,600335
1597,2008-01-21,6.55,6.474,6.729,6.304,15441.86,600335
1598,2008-01-22,6.332,5.828,6.335,5.828,15683.2,600335
1599,2008-01-23,5.863,6.134,6.2,5.673,20762.64,600335
1600,2008-01-24,6.241,6.206,6.367,6.052,11736.63,600335
1601,2008-01-25,6.257,6.433,6.729,6.146,23911.78,600335
1602,2008-01-28,6.427,5.79,6.427,5.79,15976.39,600335
1603,2008-01-29,5.532,5.771,5.989,5.532,7781.08,600335
1604,2008-01-30,5.982,5.762,5.982,5.516,6394.23,600335
1605,2008-01-31,5.863,5.661,5.926,5.645,5671.99,600335
1606,2008-02-01,5.721,5.276,5.765,5.094,9437.15,600335
1607,2008-02-04,5.51,5.803,5.803,5.39,9906.98,600335
1608,2008-02-05,5.793,5.837,5.973,5.743,7213.93,600335
1609,2008-02-13,5.863,6.307,6.398,5.863,13033.11,600335
1610,2008-02-14,6.304,6.436,6.547,6.304,8181.97,600335
1611,2008-02-15,6.392,6.654,6.714,6.304,20764.55,600335
1612,2008-02-18,6.745,7.319,7.319,6.676,52975.35,600335
1613,2008-02-19,7.407,7.385,7.807,7.319,66109.08,600335
1614,2008-02-21,7.517,7.404,7.659,7.215,47043.07,600335
1615,2008-02-22,8.145,7.42,8.145,7.306,152328.36,600335
1616,2008-02-25,7.454,7.095,7.505,6.944,68610.92,600335
1617,2008-02-26,7.249,6.922,7.376,6.698,34470.12,600335
1618,2008-02-27,6.934,6.975,7.155,6.792,24347.13,600335
1619,2008-02-28,6.963,6.944,7.155,6.824,25495.76,600335
1620,2008-02-29,6.944,7.123,7.136,6.944,24933.52,600335
1621,2008-03-03,7.12,7.404,7.432,7.013,47814.16,600335
1622,2008-03-04,7.439,7.101,7.461,7.054,35903.57,600335
1623,2008-03-05,7.092,6.944,7.155,6.802,31768.47,600335
1624,2008-03-06,6.966,7.016,7.041,6.777,25004.34,600335
1625,2008-03-07,6.95,6.764,6.966,6.755,17011.89,600335
1626,2008-03-10,6.71,6.468,6.71,6.367,17484.18,600335
1627,2008-03-11,6.461,6.733,6.808,6.304,17865.28,600335
1628,2008-03-12,6.896,6.742,7.026,6.733,19538.28,600335
1629,2008-03-13,6.468,6.411,6.739,6.241,15502.72,600335
1630,2008-03-17,6.414,5.771,6.487,5.771,18973.41,600335
1631,2008-03-18,5.484,5.194,5.737,5.194,17156.75,600335
1632,2008-03-19,5.311,5.447,5.642,5.254,23805.01,600335
1633,2008-03-20,5.39,5.844,5.957,5.232,24892.78,600335
1634,2008-03-21,5.812,5.954,6.112,5.812,25429.46,600335
1635,2008-03-24,6.105,5.755,6.105,5.737,17855.65,600335
1636,2008-03-25,5.592,5.935,5.951,5.361,15814.99,600335
1637,2008-03-26,6.061,6.528,6.528,6.036,50205.64,600335
1638,2008-03-27,6.651,6.017,6.704,5.951,64963.19,600335
1639,2008-03-31,6.231,6.03,6.477,6.017,53426.49,600335
1640,2008-04-01,5.752,5.43,6.011,5.43,27376.55,600335
1641,2008-04-02,5.335,4.931,5.556,4.887,56743.56,600335
1642,2008-04-03,4.767,5.064,5.171,4.616,42622.93,600335
1643,2008-04-07,4.893,5.569,5.569,4.837,73112.0,600335
1644,2008-04-08,5.651,5.815,5.891,5.556,78734.1,600335
1645,2008-04-09,5.714,5.234,5.815,5.234,56084.14,600335
1646,2008-04-10,5.114,5.758,5.758,4.988,62738.6,600335
1647,2008-04-11,6.27,6.049,6.333,5.891,244006.41,600335
1648,2008-04-14,5.683,6.15,6.188,5.556,168155.22,600335
1649,2008-04-15,6.125,6.061,6.175,5.765,84981.93,600335
1650,2008-04-16,6.061,6.251,6.497,5.998,132594.15,600335
1651,2008-04-17,6.175,5.904,6.295,5.683,91974.42,600335
1652,2008-04-18,5.758,5.323,5.878,5.316,68446.72,600335
1653,2008-04-21,5.809,5.392,5.809,5.272,63149.72,600335
1654,2008-04-22,5.291,5.398,5.43,4.925,48148.31,600335
1655,2008-04-23,5.222,5.563,5.645,5.114,93909.19,600335
1656,2008-04-24,5.954,6.112,6.118,5.746,152203.92,600335
1657,2008-04-25,5.998,6.118,6.44,5.815,148348.72,600335
1658,2008-04-28,6.03,6.428,6.535,5.941,156392.51,600335
1659,2008-04-29,6.44,6.465,6.661,6.308,116403.39,600335
1660,2008-04-30,6.503,6.579,6.686,6.346,132748.45,600335
1661,2008-05-05,6.604,6.693,6.75,6.409,130353.58,600335
1662,2008-05-06,6.699,6.99,7.255,6.63,189491.88,600335
1663,2008-05-07,6.945,6.409,7.116,6.39,125949.19,600335
1664,2008-05-08,6.251,6.661,6.668,6.194,72722.73,600335
1665,2008-05-09,6.699,6.585,6.8,6.472,75907.64,600335
1666,2008-05-12,6.44,6.611,6.762,6.327,69355.19,600335
1667,2008-05-13,6.308,6.383,6.598,6.245,62503.55,600335
1668,2008-05-14,6.383,6.813,6.851,6.383,90735.11,600335
1669,2008-05-15,6.933,6.585,7.046,6.567,88600.61,600335
1670,2008-05-16,6.472,6.503,6.68,6.32,49790.25,600335
1671,2008-05-19,6.541,6.447,6.554,6.358,28038.57,600335
1672,2008-05-20,6.44,5.803,6.541,5.803,55313.16,600335
1673,2008-05-21,5.739,6.017,6.061,5.354,66241.86,600335
1674,2008-05-22,5.872,5.733,6.03,5.695,37161.59,600335
1675,2008-05-23,5.683,5.746,5.91,5.449,39541.17,600335
1676,2008-05-26,5.746,5.626,5.872,5.613,30472.49,600335
1677,2008-05-27,5.683,5.664,5.683,5.525,17259.98,600335
1678,2008-05-28,5.683,5.771,5.834,5.556,24765.38,600335
1679,2008-05-29,5.777,5.43,5.834,5.417,25353.58,600335
1680,2008-05-30,5.398,5.272,5.55,5.209,32446.5,600335
1681,2008-06-02,5.266,5.481,5.518,5.228,28396.9,600335
1682,2008-06-03,5.499,5.582,5.607,5.468,29546.37,600335
1683,2008-06-04,5.556,5.575,5.638,5.304,47105.33,600335
1684,2008-06-05,5.588,5.55,5.645,5.493,54962.14,600335
1685,2008-06-06,5.55,5.291,5.55,5.253,29041.88,600335
1686,2008-06-10,4.912,4.761,5.039,4.761,21868.36,600335
1687,2008-06-11,4.552,4.325,4.647,4.287,39396.73,600335
1688,2008-06-12,4.294,4.249,4.401,4.104,34300.97,600335
1689,2008-06-13,4.294,3.921,4.294,3.845,26782.22,600335
1690,2008-06-16,3.883,4.035,4.054,3.826,31094.21,600335
1691,2008-06-17,3.946,3.637,4.028,3.631,26231.87,600335
1692,2008-06-18,3.586,3.934,3.978,3.384,44394.86,600335
1693,2008-06-19,4.148,3.542,4.155,3.542,48031.75,600335
1694,2008-06-20,3.599,3.555,3.788,3.334,38439.38,600335
1695,2008-06-23,3.523,3.264,3.523,3.258,27402.66,600335
1696,2008-06-24,3.277,3.353,3.41,3.214,24101.03,600335
1697,2008-06-25,3.397,3.687,3.687,3.346,46696.18,600335
1698,2008-06-26,3.687,3.864,3.934,3.662,77170.7,600335
1699,2008-06-27,3.643,3.498,3.757,3.479,48500.42,600335
1700,2008-06-30,3.391,3.548,3.599,3.391,25395.82,600335
1701,2008-07-01,3.536,3.504,3.599,3.447,20067.89,600335
1702,2008-07-02,3.523,3.53,3.612,3.447,19983.77,600335
1703,2008-07-03,3.429,3.681,3.757,3.41,35445.54,600335
1704,2008-07-04,3.687,3.668,3.776,3.612,25916.76,600335
1705,2008-07-07,3.656,3.896,3.902,3.656,41903.58,600335
1706,2008-07-08,3.852,4.016,4.028,3.839,48505.3,600335
1707,2008-07-09,4.041,4.42,4.42,3.965,102240.74,600335
1708,2008-07-10,4.413,4.489,4.735,4.3,166939.49,600335
1709,2008-07-11,4.426,4.603,4.641,4.426,80521.26,600335
1710,2008-07-14,4.584,5.02,5.064,4.483,155027.42,600335
1711,2008-07-15,5.083,5.329,5.525,5.039,307631.29,600335
1712,2008-07-16,5.241,4.805,5.367,4.799,142817.31,600335
1713,2008-07-17,4.799,4.533,4.975,4.521,97750.06,600335
1714,2008-07-18,4.578,4.723,4.849,4.262,97035.22,600335
1715,2008-07-21,4.603,5.045,5.177,4.546,115181.17,600335
1716,2008-07-22,5.051,5.19,5.335,4.975,110322.33,600335
1717,2008-07-23,5.215,5.013,5.272,4.988,77261.49,600335
1718,2008-07-24,5.013,5.266,5.329,5.013,98249.91,600335
1719,2008-07-25,5.177,5.209,5.398,5.114,87745.91,600335
1720,2008-07-28,5.241,5.222,5.367,5.171,63100.57,600335
1721,2008-07-29,5.114,4.988,5.165,4.969,55758.68,600335
1722,2008-07-30,5.001,4.938,5.14,4.868,42011.62,600335
1723,2008-07-31,4.931,4.616,4.994,4.603,39947.34,600335
1724,2008-08-01,4.59,4.811,4.849,4.54,40441.9,600335
1725,2008-08-04,4.761,4.609,4.799,4.578,25984.85,600335
1726,2008-08-05,4.597,4.559,4.653,4.546,20853.03,600335
1727,2008-08-06,4.59,4.464,4.653,4.357,28825.15,600335
1728,2008-08-07,4.483,4.533,4.565,4.439,19920.74,600335
1729,2008-08-08,4.521,4.079,4.559,4.079,32325.56,600335
1730,2008-08-11,4.022,3.668,4.035,3.668,30299.4,600335
1731,2008-08-12,3.479,3.504,3.631,3.441,28751.45,600335
1732,2008-08-13,3.473,3.548,3.58,3.346,25502.26,600335
1733,2008-08-14,3.536,3.624,3.662,3.479,24829.26,600335
1734,2008-08-15,3.694,3.788,3.839,3.605,33269.06,600335
1735,2008-08-18,3.788,3.41,3.833,3.41,29653.08,600335
1736,2008-08-19,3.321,3.511,3.542,3.271,21211.17,600335
1737,2008-08-20,3.517,3.864,3.864,3.41,53416.65,600335
1738,2008-08-21,3.839,3.833,4.054,3.713,63004.78,600335
1739,2008-08-22,3.839,3.864,3.883,3.694,36132.81,600335
1740,2008-08-25,3.915,3.719,3.921,3.687,30659.94,600335
1741,2008-08-26,3.656,3.346,3.656,3.346,37311.3,600335
1742,2008-08-27,3.327,3.34,3.46,3.22,25158.96,600335
1743,2008-08-28,3.34,3.252,3.391,3.201,25898.09,600335
1744,2008-08-29,3.245,3.403,3.454,3.245,33184.02,600335
1745,2008-09-01,3.346,3.258,3.359,3.22,24301.76,600335
1746,2008-09-02,3.22,3.29,3.359,3.214,18549.79,600335
1747,2008-09-03,3.29,3.397,3.46,3.252,40663.27,600335
1748,2008-09-04,3.346,3.391,3.441,3.264,25115.95,600335
1749,2008-09-05,3.264,3.157,3.334,3.144,34750.98,600335
1750,2008-09-08,3.144,2.841,3.189,2.841,33812.06,600335
1751,2008-09-09,2.841,2.987,3.018,2.778,31426.78,600335
1752,2008-09-10,2.968,2.974,3.075,2.86,32675.21,600335
1753,2008-09-11,2.974,2.911,2.987,2.892,21217.43,600335
1754,2008-09-12,2.923,2.841,2.936,2.797,22538.05,600335
1755,2008-09-16,2.854,2.747,2.898,2.715,23256.26,600335
1756,2008-09-17,2.747,2.74,2.81,2.702,19010.42,600335
1757,2008-09-18,2.677,2.62,2.702,2.469,36815.91,600335
1758,2008-09-19,2.879,2.886,2.886,2.778,33492.71,600335
1759,2008-09-22,3.151,3.176,3.176,2.917,105478.66,600335
1760,2008-09-23,3.081,3.454,3.492,2.974,154707.94,600335
1761,2008-09-24,3.346,3.561,3.631,3.189,139332.52,600335
1762,2008-09-25,3.485,3.492,3.662,3.447,115559.11,600335
1763,2008-09-26,3.542,3.353,3.586,3.346,68630.35,600335
1764,2008-10-06,3.283,3.309,3.46,3.195,49316.53,600335
1765,2008-10-07,3.233,3.283,3.372,3.163,38786.56,600335
1766,2008-10-08,3.22,3.176,3.334,3.144,37402.49,600335
1767,2008-10-09,3.283,3.144,3.283,3.138,29492.88,600335
1768,2008-10-10,3.005,2.829,3.005,2.829,39427.59,600335
1769,2008-10-13,2.721,2.93,2.936,2.601,35931.06,600335
1770,2008-10-14,3.037,2.879,3.144,2.873,55589.7,600335
1771,2008-10-15,2.848,2.791,2.898,2.74,21650.87,600335
1772,2008-10-16,2.652,2.576,2.747,2.57,25960.59,600335
1773,2008-10-17,2.639,2.658,2.69,2.589,21059.41,600335
1774,2008-10-20,2.658,2.854,2.873,2.608,30315.21,600335
1775,2008-10-21,2.848,2.766,2.886,2.721,31206.33,600335
1776,2008-10-22,2.715,2.683,2.81,2.665,18075.0,600335
1777,2008-10-23,2.62,2.772,2.778,2.589,24421.11,600335
1778,2008-10-24,2.772,2.728,2.829,2.702,20522.59,600335
1779,2008-10-27,2.69,2.734,2.841,2.652,58378.66,600335
1780,2008-10-28,2.753,3.005,3.005,2.747,132836.6,600335
1781,2008-10-29,3.024,2.734,3.024,2.728,95822.64,600335
1782,2008-10-30,2.702,2.627,2.702,2.475,76449.5,600335
1783,2008-10-31,2.57,2.519,2.62,2.5,34817.77,600335
1784,2008-11-03,2.488,2.526,2.576,2.475,19875.18,600335
1785,2008-11-04,2.526,2.349,2.545,2.305,33290.74,600335
1786,2008-11-05,2.368,2.431,2.469,2.368,33679.13,600335
1787,2008-11-06,2.355,2.469,2.488,2.305,33978.88,600335
1788,2008-11-07,2.437,2.5,2.545,2.399,34429.89,600335
1789,2008-11-10,2.646,2.753,2.753,2.589,67221.62,600335
1790,2008-11-11,2.873,2.753,2.999,2.74,147647.3,600335
1791,2008-11-12,2.702,2.98,2.993,2.69,103446.11,600335
1792,2008-11-13,2.949,3.062,3.17,2.904,145381.12,600335
1793,2008-11-14,3.05,3.258,3.302,2.98,149850.19,600335
1794,2008-11-17,3.189,3.397,3.429,3.163,133769.57,600335
1795,2008-11-18,3.327,3.056,3.41,3.056,113989.95,600335
1796,2008-11-19,2.999,3.334,3.346,2.999,132695.86,600335
1797,2008-11-20,3.208,3.309,3.523,3.208,153234.94,600335
1798,2008-11-21,3.208,3.245,3.41,3.113,85226.61,600335
1799,2008-11-24,3.334,3.043,3.334,3.024,60014.79,600335
1800,2008-11-25,3.088,3.031,3.157,2.904,45755.13,600335
1801,2008-11-26,3.031,3.043,3.125,2.993,38363.92,600335
1802,2008-11-27,3.271,3.119,3.315,3.106,89360.77,600335
1803,2008-11-28,3.088,3.132,3.214,3.069,56307.86,600335
1804,2008-12-01,3.132,3.321,3.346,3.132,97596.07,600335
1805,2008-12-02,3.252,3.271,3.327,3.201,94306.95,600335
1806,2008-12-03,3.245,3.378,3.384,3.239,154433.75,600335
1807,2008-12-04,3.473,3.283,3.504,3.271,181682.19,600335
1808,2008-12-05,3.214,3.296,3.315,3.189,88401.9,600335
1809,2008-12-08,3.321,3.624,3.624,3.29,223341.5,600335
1810,2008-12-09,3.675,3.624,3.769,3.492,204398.84,600335
1811,2008-12-10,3.593,3.732,3.776,3.586,138042.51,600335
1812,2008-12-11,3.725,3.46,3.751,3.454,114205.55,600335
1813,2008-12-12,3.422,3.189,3.498,3.125,97409.44,600335
1814,2008-12-15,3.271,3.22,3.29,3.157,52823.37,600335
1815,2008-12-16,3.226,3.252,3.271,3.031,54038.13,600335
1816,2008-12-17,3.277,3.271,3.365,3.239,62800.29,600335
1817,2008-12-18,3.258,3.296,3.321,3.163,51943.17,600335
1818,2008-12-19,3.283,3.41,3.473,3.271,91265.22,600335
1819,2008-12-22,3.441,3.372,3.447,3.296,54630.26,600335
1820,2008-12-23,3.372,3.088,3.397,3.081,64706.49,600335
1821,2008-12-24,3.094,3.031,3.157,2.98,47476.15,600335
1822,2008-12-25,3.031,2.993,3.1,2.911,34087.72,600335
1823,2008-12-26,3.037,2.999,3.056,2.974,20545.25,600335
1824,2008-12-29,2.968,2.936,2.968,2.816,29663.31,600335
1825,2008-12-30,2.904,2.904,2.993,2.892,21544.41,600335
1826,2008-12-31,2.904,2.879,2.961,2.873,15450.94,600335
1827,2009-01-05,2.942,3.056,3.062,2.904,39978.66,600335
1828,2009-01-06,3.031,3.208,3.252,2.968,75734.53,600335
1829,2009-01-07,3.182,3.17,3.189,3.106,58533.07,600335
1830,2009-01-08,3.157,3.05,3.157,3.024,39113.6,600335
1831,2009-01-09,3.024,3.081,3.106,2.98,36243.28,600335
1832,2009-01-13,3.113,3.125,3.138,3.031,51931.73,600335
1833,2009-01-14,3.094,3.302,3.315,3.05,102821.98,600335
1834,2009-01-15,3.264,3.258,3.359,3.226,121291.99,600335
1835,2009-01-16,3.271,3.309,3.397,3.252,96567.84,600335
1836,2009-01-19,3.327,3.208,3.34,3.176,54891.56,600335
1837,2009-01-20,3.22,3.258,3.264,3.189,30123.27,600335
1838,2009-01-21,3.208,3.22,3.302,3.195,37073.32,600335
1839,2009-01-22,3.271,3.334,3.34,3.214,67663.59,600335
1840,2009-01-23,3.346,3.283,3.391,3.271,60381.45,600335
1841,2009-02-02,3.315,3.41,3.441,3.22,82402.61,600335
1842,2009-02-03,3.41,3.555,3.612,3.365,142698.1,600335
1843,2009-02-04,3.555,3.744,3.908,3.536,223526.35,600335
1844,2009-02-05,3.82,3.807,3.953,3.725,301270.62,600335
1845,2009-02-06,3.776,3.864,3.883,3.744,156982.45,600335
1846,2009-02-09,3.87,3.883,3.927,3.82,141711.69,600335
1847,2009-02-10,3.896,3.908,3.915,3.757,137145.33,600335
1848,2009-02-11,3.852,3.896,4.041,3.801,146727.72,600335
1849,2009-02-12,3.896,3.87,3.94,3.713,94758.44,600335
1850,2009-02-13,3.852,4.047,4.06,3.845,175570.06,600335
1851,2009-02-16,4.129,4.11,4.174,3.971,144801.47,600335
1852,2009-02-17,4.167,4.054,4.388,4.035,206646.79,600335
1853,2009-02-18,3.978,3.852,4.161,3.82,104763.27,600335
1854,2009-02-19,3.87,3.915,3.953,3.801,62262.0,600335
1855,2009-02-20,3.902,4.035,4.035,3.826,68802.81,600335
1856,2009-02-23,4.035,4.192,4.199,4.009,94454.57,600335
1857,2009-02-24,4.167,4.312,4.439,4.11,229384.46,600335
1858,2009-02-25,4.388,4.287,4.426,4.174,181513.36,600335
1859,2009-02-26,4.35,3.934,4.369,3.858,142084.67,600335
1860,2009-02-27,3.934,3.574,4.009,3.542,95761.53,600335
1861,2009-03-02,3.422,3.605,3.694,3.422,61391.95,600335
1862,2009-03-03,3.378,3.574,3.586,3.346,64154.54,600335
1863,2009-03-04,3.574,3.788,3.82,3.561,107447.21,600335
1864,2009-03-05,3.883,3.776,3.902,3.687,152241.53,600335
1865,2009-03-06,3.668,3.782,3.877,3.649,87983.44,600335
1866,2009-03-09,3.801,3.46,3.82,3.435,72236.34,600335
1867,2009-03-10,3.416,3.536,3.542,3.397,36588.72,600335
1868,2009-03-11,3.58,3.542,3.624,3.511,40747.53,600335
1869,2009-03-12,3.58,3.593,3.605,3.378,44203.05,600335
1870,2009-03-13,3.574,3.599,3.618,3.504,67859.39,600335
1871,2009-03-16,3.605,3.681,3.687,3.567,80130.1,600335
1872,2009-03-17,3.706,3.839,3.883,3.637,107738.61,600335
1873,2009-03-18,3.826,3.795,3.877,3.788,95238.39,600335
1874,2009-03-19,3.795,3.839,3.852,3.757,74384.45,600335
1875,2009-03-20,3.833,3.738,3.845,3.662,72998.0,600335
1876,2009-03-23,3.738,3.788,3.814,3.681,71114.47,600335
1877,2009-03-24,3.82,3.902,3.953,3.757,106860.66,600335
1878,2009-03-25,3.87,3.675,3.883,3.668,78779.37,600335
1879,2009-03-26,3.662,3.744,3.751,3.567,67528.33,600335
1880,2009-03-27,3.744,3.763,3.795,3.713,71943.05,600335
1881,2009-03-31,3.713,3.845,3.852,3.649,68270.16,600335
1882,2009-04-01,3.845,3.87,3.902,3.839,103544.44,600335
1883,2009-04-02,3.902,4.009,4.142,3.889,184156.78,600335
1884,2009-04-03,4.022,3.877,4.047,3.807,101088.96,600335
1885,2009-04-07,3.883,3.883,3.908,3.801,63471.21,600335
1886,2009-04-08,3.883,3.668,3.883,3.656,82716.07,600335
1887,2009-04-09,3.631,3.7,3.7,3.586,52046.42,600335
1888,2009-04-10,3.713,3.782,3.801,3.687,67641.21,600335
1889,2009-04-13,3.814,3.864,3.877,3.769,81860.24,600335
1890,2009-04-14,3.896,3.927,4.035,3.877,150481.14,600335
1891,2009-04-15,3.883,3.889,3.902,3.801,80661.76,600335
1892,2009-04-16,3.908,4.066,4.129,3.902,170987.39,600335
1893,2009-04-17,4.041,3.934,4.041,3.877,96960.94,600335
1894,2009-04-20,3.934,4.073,4.104,3.889,107248.71,600335
1895,2009-04-21,4.003,4.123,4.218,3.902,183966.41,600335
1896,2009-04-22,4.091,3.864,4.167,3.826,144694.01,600335
1897,2009-04-23,3.839,3.814,3.858,3.725,69966.55,600335
1898,2009-04-24,3.82,3.681,3.858,3.662,64335.19,600335
1899,2009-04-27,3.681,3.523,3.681,3.479,49348.67,600335
1900,2009-04-28,3.511,3.586,3.593,3.485,27494.63,600335
1901,2009-04-29,3.593,3.637,3.649,3.567,44243.45,600335
1902,2009-04-30,3.687,3.675,3.769,3.662,75693.98,600335
1903,2009-05-04,3.694,3.763,3.763,3.612,58413.09,600335
1904,2009-05-05,3.776,3.826,3.833,3.732,68037.01,600335
1905,2009-05-06,3.814,3.826,3.858,3.788,67852.17,600335
1906,2009-05-07,3.826,3.719,3.864,3.662,66376.66,600335
1907,2009-05-08,3.662,3.795,3.82,3.662,62769.49,600335
1908,2009-05-11,3.788,3.612,3.82,3.605,50334.71,600335
1909,2009-05-12,3.555,3.694,3.7,3.555,29078.79,600335
1910,2009-05-13,3.7,3.738,3.757,3.668,42221.34,600335
1911,2009-05-14,3.668,4.11,4.11,3.668,190243.22,600335
1912,2009-05-15,4.294,4.192,4.294,4.079,386812.71,600335
1913,2009-05-25,4.047,4.016,4.054,3.776,170012.77,600335
1914,2009-05-26,3.965,3.94,4.028,3.883,108450.56,600335
1915,2009-05-27,3.946,3.889,3.997,3.852,76967.49,600335
1916,2009-06-01,3.915,3.959,3.997,3.858,85728.93,600335
1917,2009-06-02,3.927,3.921,3.959,3.883,66099.51,600335
1918,2009-06-03,3.902,3.915,3.997,3.883,73994.83,600335
1919,2009-06-04,3.94,4.155,4.306,3.902,218052.73,600335
1920,2009-06-05,4.104,4.003,4.199,3.978,105150.28,600335
1921,2009-06-08,4.016,4.047,4.098,3.927,56232.67,600335
1922,2009-06-09,4.009,3.971,4.047,3.852,62665.6,600335
1923,2009-06-10,3.971,4.085,4.136,3.927,89406.44,600335
1924,2009-06-11,4.085,4.009,4.192,3.99,89077.43,600335
1925,2009-06-12,4.016,3.908,4.066,3.864,80689.47,600335
1926,2009-06-15,3.915,3.965,3.99,3.87,47875.78,600335
1927,2009-06-16,3.946,4.066,4.142,3.915,121146.57,600335
1928,2009-06-17,4.047,4.085,4.104,4.003,74599.64,600335
1929,2009-06-18,4.104,4.11,4.199,4.054,89656.04,600335
1930,2009-06-19,4.104,4.256,4.306,4.054,165585.62,600335
1931,2009-06-22,4.23,4.205,4.344,4.186,127606.55,600335
1932,2009-06-24,4.268,4.35,4.388,4.174,140205.66,600335
1933,2009-06-25,4.306,4.224,4.338,4.205,94477.65,600335
1934,2009-06-26,4.218,4.401,4.483,4.155,171408.99,600335
1935,2009-06-29,4.401,4.382,4.527,4.331,107493.8,600335
1936,2009-06-30,4.363,4.249,4.413,4.205,81001.23,600335
1937,2009-07-01,4.211,4.243,4.331,4.199,49491.75,600335
1938,2009-07-02,4.243,4.199,4.338,4.167,85925.24,600335
1939,2009-07-03,4.174,4.218,4.23,4.129,71185.61,600335
1940,2009-07-06,4.224,4.199,4.23,4.11,83197.83,600335
1941,2009-07-07,4.18,4.205,4.224,4.155,63848.95,600335
1942,2009-07-08,4.174,4.249,4.268,4.142,56674.58,600335
1943,2009-07-09,4.249,4.306,4.331,4.224,78758.26,600335
1944,2009-07-10,4.319,4.35,4.363,4.268,85520.43,600335
1945,2009-07-13,4.344,4.395,4.483,4.281,102250.34,600335
1946,2009-07-14,4.376,4.42,4.464,4.369,79627.81,600335
1947,2009-07-15,4.445,4.439,4.521,4.401,92750.66,600335
1948,2009-07-16,4.464,4.35,4.489,4.338,97852.53,600335
1949,2009-07-17,4.357,4.533,4.597,4.338,136385.47,600335
1950,2009-07-20,4.559,4.597,4.641,4.477,102826.65,600335
1951,2009-07-21,4.546,4.376,4.578,4.363,92179.59,600335
1952,2009-07-22,4.42,4.508,4.552,4.376,83652.45,600335
1953,2009-07-23,4.533,4.546,4.559,4.458,68981.24,600335
1954,2009-07-24,4.54,4.533,4.603,4.376,89651.41,600335
1955,2009-07-27,4.54,4.527,4.597,4.458,110115.78,600335
1956,2009-07-28,4.641,4.59,4.729,4.502,142171.6,600335
1957,2009-07-29,4.603,4.192,4.653,4.129,123622.58,600335
1958,2009-07-30,4.218,4.18,4.281,4.041,75448.53,600335
1959,2009-07-31,4.186,4.312,4.331,4.167,64876.12,600335
1960,2009-08-03,4.306,4.369,4.369,4.237,67566.49,600335
1961,2009-08-04,4.369,4.489,4.514,4.3,90747.3,600335
1962,2009-08-05,4.483,4.445,4.521,4.357,88590.56,600335
1963,2009-08-06,4.413,4.477,4.559,4.256,90633.66,600335
1964,2009-08-07,4.464,4.275,4.533,4.237,73763.08,600335
1965,2009-08-10,4.3,4.369,4.395,4.268,49983.16,600335
1966,2009-08-11,4.382,4.426,4.439,4.325,43796.33,600335
1967,2009-08-12,4.42,4.237,4.42,4.23,46048.94,600335
1968,2009-08-13,4.237,4.514,4.54,4.186,105829.25,600335
1969,2009-08-14,4.451,4.287,4.496,4.23,93818.38,600335
1970,2009-08-17,4.104,3.858,4.167,3.858,67932.65,600335
1971,2009-08-18,3.839,3.87,3.902,3.713,40925.8,600335
1972,2009-08-19,3.839,3.624,3.896,3.567,36097.96,600335
1973,2009-08-20,3.599,3.751,3.814,3.599,43659.7,600335
1974,2009-08-21,3.725,3.82,3.864,3.668,50201.71,600335
1975,2009-08-24,3.839,3.883,3.915,3.801,40541.83,600335
1976,2009-08-25,3.877,3.776,3.877,3.599,55380.96,600335
1977,2009-08-26,3.732,3.902,3.94,3.694,55872.88,600335
1978,2009-08-27,3.852,3.921,4.003,3.845,51323.99,600335
1979,2009-08-28,3.908,3.845,3.921,3.719,49828.39,600335
1980,2009-08-31,3.814,3.631,3.852,3.599,41056.42,600335
1981,2009-09-01,3.637,3.649,3.757,3.618,27022.36,600335
1982,2009-09-02,3.599,3.675,3.713,3.599,23981.0,600335
1983,2009-09-03,3.649,3.807,3.839,3.649,41563.26,600335
1984,2009-09-04,3.833,3.845,3.883,3.788,48042.49,600335
1985,2009-09-07,3.826,3.858,3.902,3.82,46313.98,600335
1986,2009-09-08,3.889,3.908,3.946,3.826,53608.93,600335
1987,2009-09-09,3.896,3.877,3.915,3.795,46361.26,600335
1988,2009-09-10,3.864,3.921,3.934,3.788,69404.29,600335
1989,2009-09-11,3.915,3.978,4.009,3.877,81977.11,600335
1990,2009-09-14,3.997,4.016,4.035,3.934,59427.27,600335
1991,2009-09-15,4.022,4.186,4.275,3.99,118667.6,600335
1992,2009-09-16,4.186,4.054,4.186,4.009,77639.65,600335
1993,2009-09-17,4.06,4.224,4.319,4.041,90347.78,600335
1994,2009-09-18,4.167,4.136,4.243,4.06,71028.12,600335
1995,2009-09-21,4.167,4.104,4.167,3.99,44316.87,600335
1996,2009-09-22,4.104,4.054,4.155,4.016,50727.25,600335
1997,2009-09-23,4.066,4.23,4.451,4.06,171364.02,600335
1998,2009-09-24,4.136,3.978,4.167,3.852,81771.81,600335
1999,2009-09-25,3.915,3.833,3.99,3.795,56722.36,600335
2000,2009-09-28,3.852,3.681,3.896,3.675,40361.23,600335
2001,2009-09-29,3.675,3.656,3.757,3.586,27602.22,600335
2002,2009-09-30,3.694,3.687,3.744,3.662,24291.69,600335
2003,2009-10-09,3.738,3.833,3.839,3.713,32892.63,600335
2004,2009-10-12,3.833,3.839,3.852,3.788,39667.22,600335
2005,2009-10-13,3.839,3.883,3.902,3.807,31919.64,600335
2006,2009-10-14,3.877,3.883,3.934,3.852,42151.49,600335
2007,2009-10-15,3.902,3.902,3.978,3.889,40389.7,600335
2008,2009-10-16,3.934,3.877,3.946,3.814,42149.04,600335
2009,2009-10-19,3.877,3.965,3.971,3.852,40169.91,600335
2010,2009-10-20,3.965,4.016,4.028,3.934,46626.41,600335
2011,2009-10-21,4.028,4.016,4.041,3.978,49132.87,600335
2012,2009-10-22,4.016,4.035,4.06,3.959,46080.78,600335
2013,2009-10-23,4.035,4.085,4.123,4.009,60904.22,600335
2014,2009-10-26,4.066,4.016,4.098,3.984,45029.09,600335
2015,2009-10-27,3.99,3.833,3.99,3.833,48959.7,600335
2016,2009-10-28,3.852,3.896,3.896,3.807,29558.75,600335
2017,2009-10-29,3.852,3.877,3.934,3.82,27108.06,600335
2018,2009-10-30,3.908,3.934,3.978,3.864,41566.76,600335
2019,2009-11-02,3.852,4.022,4.028,3.82,53970.66,600335
2020,2009-11-03,4.028,4.104,4.155,3.99,74974.9,600335
2021,2009-11-04,4.123,4.218,4.224,4.047,79389.54,600335
2022,2009-11-05,4.218,4.192,4.237,4.129,65183.4,600335
2023,2009-11-06,4.23,4.218,4.306,4.174,83874.25,600335
2024,2009-11-09,4.205,4.256,4.281,4.174,56272.54,600335
2025,2009-11-10,4.331,4.211,4.458,4.205,119499.88,600335
2026,2009-11-11,4.174,4.287,4.294,4.11,62791.66,600335
2027,2009-11-12,4.23,4.294,4.395,4.23,75275.76,600335
2028,2009-11-13,4.331,4.35,4.376,4.256,64351.3,600335
2029,2009-11-16,4.35,4.413,4.47,4.35,93225.61,600335
2030,2009-11-17,4.445,4.527,4.552,4.382,122080.76,600335
2031,2009-11-18,4.533,4.483,4.546,4.401,82661.99,600335
2032,2009-11-19,4.508,4.565,4.584,4.451,97156.92,600335
2033,2009-11-20,4.552,4.546,4.603,4.502,73250.33,600335
2034,2009-11-23,4.552,4.603,4.647,4.527,67609.28,600335
2035,2009-11-24,4.634,4.3,4.653,4.262,112777.73,600335
2036,2009-11-25,4.294,4.477,4.496,4.262,81428.47,600335
2037,2009-11-26,4.47,4.66,4.925,4.432,249652.94,600335
2038,2009-11-27,4.54,4.641,4.893,4.464,229705.97,600335
2039,2009-11-30,4.717,4.931,4.95,4.578,237451.61,600335
2040,2009-12-01,4.862,4.994,5.146,4.799,227996.3,600335
2041,2009-12-02,4.982,5.19,5.297,4.931,195645.89,600335
2042,2009-12-03,5.171,5.14,5.234,5.02,151396.25,600335
2043,2009-12-04,5.102,4.881,5.165,4.754,174951.42,600335
2044,2009-12-07,4.893,4.975,5.089,4.855,104630.33,600335
2045,2009-12-08,4.963,5.159,5.222,4.887,146960.77,600335
2046,2009-12-09,5.108,4.969,5.19,4.938,93159.37,600335
2047,2009-12-10,4.975,4.912,5.039,4.799,69054.62,600335
2048,2009-12-11,4.925,4.874,4.925,4.818,43324.58,600335
2049,2009-12-14,4.874,4.982,5.007,4.786,66051.66,600335
2050,2009-12-15,4.982,4.906,5.039,4.893,43990.02,600335
2051,2009-12-16,4.925,4.956,4.963,4.843,49934.81,600335
2052,2009-12-17,4.988,5.007,5.177,4.925,156439.38,600335
2053,2009-12-18,4.988,4.514,4.988,4.508,93911.2,600335
2054,2009-12-21,4.489,4.533,4.597,4.401,44935.16,600335
2055,2009-12-22,4.521,4.35,4.578,4.3,48219.09,600335
2056,2009-12-23,4.388,4.464,4.502,4.363,38942.09,600335
2057,2009-12-24,4.439,4.559,4.603,4.432,55845.89,600335
2058,2009-12-25,4.559,4.584,4.597,4.426,118716.38,600335
2059,2009-12-28,4.533,4.622,4.647,4.533,70889.34,600335
2060,2009-12-29,4.622,4.603,4.628,4.502,72631.8,600335
2061,2009-12-30,4.584,4.496,4.584,4.439,85649.96,600335
2062,2009-12-31,4.502,4.735,4.78,4.489,116298.41,600335
2063,2010-01-04,4.672,4.735,4.893,4.672,110141.9,600335
2064,2010-01-05,4.735,4.723,4.792,4.66,57256.48,600335
2065,2010-01-07,4.672,4.546,4.71,4.502,74602.75,600335
2066,2010-01-08,4.521,4.584,4.603,4.483,48003.96,600335
2067,2010-01-11,4.609,4.641,4.66,4.533,57488.61,600335
2068,2010-01-12,4.59,4.717,4.742,4.59,60256.32,600335
2069,2010-01-13,4.622,4.571,4.735,4.552,60302.84,600335
2070,2010-01-14,4.571,4.672,4.691,4.571,69413.92,600335
2071,2010-01-15,4.679,4.874,4.906,4.672,124630.78,600335
2072,2010-01-18,4.843,4.931,4.938,4.786,91818.21,600335
2073,2010-01-19,4.944,4.919,4.944,4.811,64470.7,600335
2074,2010-01-20,5.367,5.411,5.411,5.367,137243.55,600335
2075,2010-01-21,5.525,5.556,5.84,5.241,509035.47,600335
2076,2010-01-22,5.285,5.007,5.335,5.001,279081.43,600335
2077,2010-01-25,4.887,4.773,4.925,4.767,123943.03,600335
2078,2010-01-26,4.748,4.855,4.919,4.704,137358.68,600335
2079,2010-01-27,4.792,4.647,4.824,4.483,117351.97,600335
2080,2010-01-28,4.597,4.628,4.698,4.565,75477.63,600335
2081,2010-01-29,4.603,4.698,4.837,4.496,120508.87,600335
2082,2010-02-01,4.641,4.533,4.679,4.496,74765.06,600335
2083,2010-02-02,4.533,4.514,4.622,4.47,61347.18,600335
2084,2010-02-03,4.514,4.565,4.578,4.319,85782.31,600335
2085,2010-02-04,4.571,4.641,4.717,4.489,88464.06,600335
2086,2010-02-05,4.533,4.837,4.931,4.489,185277.78,600335
2087,2010-02-08,4.773,4.893,5.039,4.723,143476.67,600335
2088,2010-02-09,4.837,4.792,4.862,4.742,66257.4,600335
2089,2010-02-10,4.83,4.792,4.938,4.691,67711.56,600335
2090,2010-02-11,4.792,4.704,4.799,4.666,46133.35,600335
2091,2010-02-12,4.634,4.66,4.748,4.634,45234.12,600335
2092,2010-02-22,4.685,4.868,4.893,4.641,96044.86,600335
2093,2010-02-23,4.799,4.963,5.02,4.767,138324.35,600335
2094,2010-02-24,4.925,5.007,5.045,4.925,103133.35,600335
2095,2010-02-25,5.039,5.089,5.177,4.963,121356.33,600335
2096,2010-02-26,5.051,5.114,5.146,5.001,99343.98,600335
2097,2010-03-01,5.209,5.626,5.626,5.196,270236.19,600335
2098,2010-03-02,5.746,5.645,5.891,5.499,409199.04,600335
2099,2010-03-03,5.563,5.563,5.613,5.43,192420.89,600335
2100,2010-03-04,5.537,5.228,5.67,5.19,181301.56,600335
2101,2010-03-05,5.291,5.278,5.335,5.083,108604.75,600335
2102,2010-03-08,5.278,5.361,5.487,5.241,101759.16,600335
2103,2010-03-09,5.316,5.285,5.398,5.203,60889.52,600335
2104,2010-03-10,5.241,5.241,5.335,5.121,53243.63,600335
2105,2010-03-11,5.203,5.272,5.297,5.127,60047.8,600335
2106,2010-03-12,5.234,5.039,5.316,5.001,68671.41,600335
2107,2010-03-15,5.045,4.982,5.102,4.925,44730.4,600335
2108,2010-03-16,4.963,5.039,5.051,4.931,41776.78,600335
2109,2010-03-17,5.051,5.222,5.228,5.02,69201.09,600335
2110,2010-03-18,5.241,5.171,5.247,5.146,53490.86,600335
2111,2010-03-19,5.177,5.285,5.31,5.159,73380.38,600335
2112,2010-03-22,5.285,5.31,5.367,5.228,57923.76,600335
2113,2010-03-23,5.342,5.171,5.342,5.165,55462.97,600335
2114,2010-03-24,5.184,5.152,5.222,5.133,38557.86,600335
2115,2010-03-25,5.19,5.335,5.556,5.152,159373.93,600335
2116,2010-03-26,5.367,5.411,5.481,5.19,109372.68,600335
2117,2010-03-29,5.424,5.424,5.525,5.329,76729.39,600335
2118,2010-03-30,5.417,5.405,5.449,5.335,55425.37,600335
2119,2010-03-31,5.386,5.335,5.405,5.297,61829.27,600335
2120,2010-04-01,5.335,5.449,5.462,5.316,88108.28,600335
2121,2010-04-02,5.43,5.386,5.443,5.354,65085.4,600335
2122,2010-04-06,5.367,5.323,5.411,5.278,71305.56,600335
2123,2010-04-07,5.323,5.392,5.424,5.304,69386.25,600335
2124,2010-04-09,5.373,5.512,5.588,5.335,112516.24,600335
2125,2010-04-12,5.518,5.702,5.733,5.449,163100.89,600335
2126,2010-04-13,5.689,5.436,5.714,5.335,119990.18,600335
2127,2010-04-14,5.449,5.594,5.695,5.43,94011.14,600335
2128,2010-04-15,5.563,5.714,5.746,5.462,114407.06,600335
2129,2010-04-16,5.67,5.746,5.809,5.55,118445.31,600335
2130,2010-04-19,5.683,5.329,5.765,5.304,108368.11,600335
2131,2010-04-20,5.354,5.272,5.392,5.127,86360.42,600335
2132,2010-04-21,5.26,5.367,5.398,5.196,74162.23,600335
2133,2010-04-22,5.367,5.398,5.518,5.316,89568.28,600335
2134,2010-04-23,5.398,5.443,5.638,5.367,104265.34,600335
2135,2010-04-26,5.43,5.777,5.872,5.367,230724.23,600335
2136,2010-04-27,5.746,5.878,5.904,5.563,284270.83,600335
2137,2010-04-28,5.777,6.017,6.295,5.683,350223.31,600335
2138,2010-04-29,5.979,5.607,6.106,5.607,220986.98,600335
2139,2010-04-30,5.6,5.866,5.872,5.443,196741.92,600335
2140,2010-05-04,5.695,5.512,6.011,5.367,284764.36,600335
2141,2010-05-05,5.297,5.645,5.676,5.057,201682.97,600335
2142,2010-05-06,5.531,5.335,5.765,5.304,167612.73,600335
2143,2010-05-07,5.228,5.361,5.43,5.083,107434.62,600335
2144,2010-05-10,5.285,5.379,5.398,5.114,77252.31,600335
2145,2010-05-11,5.43,5.266,5.499,5.121,89324.88,600335
2146,2010-05-12,5.196,5.379,5.417,5.089,140835.07,600335
2147,2010-05-13,5.304,5.594,5.657,5.177,189503.4,600335
2148,2010-05-14,5.607,5.398,5.803,5.386,209005.9,600335
2149,2010-05-17,5.278,4.862,5.278,4.862,149030.49,600335
2150,2010-05-18,4.691,4.54,4.691,4.382,118711.29,600335
2151,2010-05-19,4.47,4.357,4.552,4.331,78709.37,600335
2152,2010-05-20,4.306,4.161,4.407,4.136,94062.28,600335
2153,2010-05-21,3.978,4.502,4.533,3.965,128611.59,600335
2154,2010-05-24,4.477,4.881,4.912,4.413,149946.56,600335
2155,2010-05-25,4.799,4.881,5.032,4.698,160868.87,600335
2156,2010-05-26,4.843,5.184,5.228,4.799,168073.58,600335
2157,2010-05-27,5.184,5.14,5.329,5.013,307807.49,600335
2158,2010-05-28,5.102,4.919,5.108,4.843,153961.61,600335
2159,2010-05-31,4.837,4.824,4.975,4.799,88280.8,600335
2160,2010-06-01,4.773,4.786,4.9,4.641,77079.82,600335
2161,2010-06-02,4.786,4.862,4.874,4.691,55875.39,600335
2162,2010-06-03,4.893,4.666,4.982,4.634,72466.44,600335
2163,2010-06-04,4.672,4.83,4.862,4.672,64978.41,600335
2164,2010-06-07,4.748,4.938,5.095,4.717,109873.76,600335
2165,2010-06-08,4.956,5.152,5.165,4.893,145203.06,600335
2166,2010-06-09,5.114,5.165,5.209,5.02,93530.93,600335
2167,2010-07-22,5.683,5.683,5.683,5.683,8466.81,600335
2168,2010-07-23,6.251,6.251,6.251,6.251,11211.06,600335
2169,2010-07-26,6.876,6.876,6.876,6.876,58933.3,600335
2170,2010-07-27,7.564,7.248,7.564,6.876,513372.64,600335
2171,2010-07-28,7.64,7.975,7.975,7.64,142007.22,600335
2172,2010-07-29,8.297,7.722,8.379,7.602,412202.74,600335
2173,2010-07-30,7.646,7.76,7.855,7.602,224925.72,600335
2174,2010-08-02,7.735,7.823,7.968,7.583,256005.74,600335
2175,2010-08-03,7.766,8.442,8.606,7.754,473199.73,600335
2176,2010-08-04,8.214,8.334,8.637,8.057,215967.74,600335
2177,2010-08-05,8.486,8.656,8.991,8.334,217288.27,600335
2178,2010-08-06,8.644,8.764,9.004,8.511,159426.97,600335
2179,2010-08-09,8.65,8.783,9.029,8.612,129215.0,600335
2180,2010-08-10,8.764,8.574,8.978,8.467,115077.14,600335
2181,2010-08-11,8.524,8.77,8.934,8.499,119706.87,600335
2182,2010-08-12,8.65,8.524,8.745,8.492,93789.01,600335
2183,2010-08-13,8.524,8.656,8.764,8.278,112152.15,600335
2184,2010-08-16,8.656,9.281,9.471,8.593,185743.75,600335
2185,2010-08-17,9.206,10.058,10.165,9.105,233764.26,600335
2186,2010-08-19,9.875,10.841,11.062,9.799,223856.43,600335
2187,2010-08-20,10.734,10.98,11.289,10.62,159414.9,600335
2188,2010-08-23,10.923,11.094,11.239,10.544,121002.85,600335
2189,2010-08-24,11.005,11.012,11.15,10.746,75143.21,600335
2190,2010-08-25,10.986,12.022,12.091,10.803,142941.62,600335
2191,2010-08-26,12.116,11.517,12.306,11.258,151405.0,600335
2192,2010-08-27,11.365,11.491,11.738,11.062,88729.0,600335
2193,2010-08-30,11.491,11.757,11.782,11.321,104678.0,600335
2194,2010-08-31,11.687,11.839,12.445,11.618,100378.0,600335
2195,2010-09-01,11.567,11.037,11.794,10.658,145307.0,600335
2196,2010-09-02,11.081,11.182,11.479,10.86,94091.0,600335
2197,2010-09-03,11.119,11.359,11.46,10.835,116351.0,600335
2198,2010-09-06,11.232,11.378,11.801,11.037,99710.0,600335
2199,2010-09-07,11.359,11.567,11.605,11.113,70160.0,600335
2200,2010-09-08,11.428,12.192,12.375,11.428,134491.0,600335
2201,2010-09-09,12.06,11.927,12.344,11.87,102520.0,600335
2202,2010-09-10,11.832,11.416,12.06,11.27,84431.0,600335
2203,2010-09-13,11.321,11.201,11.365,10.86,74370.0,600335
2204,2010-09-14,11.251,11.289,11.409,11.056,63789.0,600335
2205,2010-09-15,11.365,10.266,11.365,10.159,151831.0,600335
2206,2010-09-16,10.229,10.349,10.443,10.039,71212.0,600335
2207,2010-09-17,10.349,10.229,10.588,10.197,48669.0,600335
2208,2010-09-20,10.197,10.128,10.336,9.932,71351.0,600335
2209,2010-09-21,10.191,10.639,10.923,10.191,95671.0,600335
2210,2010-09-27,10.506,10.873,11.113,10.5,77515.0,600335
2211,2010-09-28,10.841,10.873,11.081,10.671,56503.0,600335
2212,2010-09-29,10.904,10.323,10.904,10.102,72564.0,600335
2213,2010-09-30,10.165,10.418,10.576,10.102,40595.0,600335
2214,2010-10-08,10.361,10.456,10.696,10.361,46876.0,600335
2215,2010-10-11,10.5,10.039,10.5,9.787,87241.0,600335
2216,2010-10-12,10.039,10.191,10.355,9.989,49539.0,600335
2217,2010-10-13,10.09,10.077,10.203,9.919,51563.0,600335
2218,2010-10-14,10.077,9.49,10.077,9.351,95495.0,600335
2219,2010-10-15,9.477,9.37,9.622,9.345,54818.0,600335
2220,2010-10-18,9.338,9.806,9.824,8.858,97117.0,600335
2221,2010-10-19,9.723,10.165,10.184,9.635,75005.0,600335
2222,2010-10-20,9.976,10.462,10.734,9.881,101634.0,600335
2223,2010-10-21,10.443,10.588,10.841,10.412,64160.0,600335
2224,2010-10-22,10.607,10.38,10.721,10.26,47688.0,600335
2225,2010-10-25,10.418,10.342,10.481,10.083,112868.0,600335
2226,2010-10-26,10.367,11.226,11.296,10.147,108591.0,600335
2227,2010-10-27,11.125,11.605,12.217,10.885,175164.0,600335
2228,2010-10-28,11.46,11.365,11.851,11.176,66891.0,600335
2229,2010-10-29,11.428,11.504,11.681,11.188,61971.0,600335
2230,2010-11-01,11.504,11.738,11.921,11.435,62904.0,600335
2231,2010-11-02,11.99,11.921,12.249,11.712,103816.0,600335
2232,2010-11-03,11.921,11.409,12.06,11.334,65645.0,600335
2233,2010-11-04,11.371,11.637,11.87,11.207,54673.0,600335
2234,2010-11-05,11.744,11.58,11.914,11.491,42254.0,600335
2235,2010-11-08,11.561,11.889,11.933,11.049,78985.0,600335
2236,2010-11-09,11.946,13.076,13.076,11.946,172479.0,600335
2237,2010-11-10,12.944,13.651,14.112,12.817,144375.0,600335
2238,2010-11-11,13.48,12.975,13.96,12.754,101227.0,600335
2239,2010-11-12,12.925,12.041,13.247,11.877,87136.0,600335
2240,2010-11-15,12.06,12.735,12.805,11.933,66890.0,600335
2241,2010-11-16,12.925,12.097,12.925,11.933,57056.0,600335
2242,2010-11-17,11.946,11.801,12.59,11.466,46238.0,600335
2243,2010-11-18,11.807,11.94,12.091,11.561,24628.0,600335
2244,2010-11-19,12.11,12.35,12.407,11.933,29695.0,600335
2245,2010-11-22,12.306,13.202,13.228,12.123,76581.0,600335
2246,2010-11-24,13.575,13.771,14.446,13.259,132910.0,600335
2247,2010-11-25,13.771,13.878,14.143,13.455,76661.0,600335
2248,2010-11-26,13.701,13.215,13.872,13.196,55532.0,600335
2249,2010-11-29,13.196,13.228,13.461,12.88,27303.0,600335
2250,2010-11-30,13.196,12.596,13.259,11.996,42725.0,600335
2251,2010-12-01,12.565,12.47,12.786,12.23,27906.0,600335
2252,2010-12-02,12.691,12.577,12.742,12.318,22474.0,600335
2253,2010-12-03,12.565,12.483,12.565,11.984,28100.0,600335
2254,2010-12-06,12.438,12.041,12.622,12.009,18376.0,600335
2255,2010-12-07,12.148,12.205,12.312,11.586,20446.0,600335
2256,2010-12-08,12.091,12.577,12.849,12.091,42619.0,600335
2257,2010-12-09,12.533,12.502,12.565,12.091,21919.0,600335
2258,2010-12-10,12.344,13.045,13.575,12.186,41785.0,600335
2259,2010-12-13,12.88,13.114,13.19,12.849,39247.0,600335
2260,2010-12-14,13.152,13.234,13.512,13.0,33055.0,600335
2261,2010-12-15,13.316,12.786,13.575,12.723,25002.0,600335
2262,2010-12-16,12.786,12.685,12.912,12.426,26819.0,600335
2263,2010-12-17,12.628,12.723,12.855,12.533,11299.0,600335
2264,2010-12-20,12.672,12.375,12.912,12.06,22876.0,600335
2265,2010-12-21,12.388,12.666,12.71,12.236,16661.0,600335
2266,2010-12-22,12.691,12.994,13.146,12.571,28978.0,600335
2267,2010-12-23,13.007,12.47,13.133,12.451,28605.0,600335
2268,2010-12-27,12.628,11.226,12.628,11.226,84837.0,600335
2269,2010-12-28,10.469,10.102,10.828,10.102,77758.0,600335
2270,2010-12-29,10.418,10.538,10.948,10.361,63598.0,600335
2271,2010-12-30,10.285,10.191,10.399,10.02,52640.0,600335
2272,2010-12-31,10.102,10.418,10.576,10.045,53146.0,600335
2273,2011-01-04,10.418,10.349,10.481,10.052,57565.0,600335
2274,2011-01-05,10.292,10.38,10.456,10.222,40201.0,600335
2275,2011-01-06,10.349,10.216,10.456,10.102,38281.0,600335
2276,2011-01-07,10.134,10.071,10.311,10.064,35906.0,600335
2277,2011-01-10,10.071,10.077,10.266,10.045,30584.0,600335
2278,2011-01-11,10.077,9.723,10.128,9.111,70870.0,600335
2279,2011-01-12,9.465,9.534,9.547,9.155,72560.0,600335
2280,2011-01-13,9.351,9.168,9.471,9.092,36946.0,600335
2281,2011-01-14,8.972,8.802,9.092,8.663,46564.0,600335
2282,2011-01-17,8.65,8.84,8.89,8.334,48446.0,600335
2283,2011-01-18,8.77,8.789,8.877,8.619,25685.0,600335
2284,2011-01-19,8.619,8.852,8.903,8.619,32214.0,600335
2285,2011-01-20,8.877,8.309,8.884,8.284,30942.0,600335
2286,2011-01-21,8.303,8.012,8.398,7.943,46747.0,600335
2287,2011-01-24,8.019,8.12,8.271,7.956,32660.0,600335
2288,2011-01-25,8.17,8.082,8.17,7.842,19331.0,600335
2289,2011-01-26,8.076,8.486,8.593,7.962,30570.0,600335
2290,2011-01-27,8.303,8.84,8.877,8.284,33842.0,600335
2291,2011-01-28,8.84,9.016,9.143,8.682,30016.0,600335
2292,2011-01-31,8.922,8.934,9.073,8.776,25591.0,600335
2293,2011-02-01,8.84,8.858,9.029,8.795,18058.0,600335
2294,2011-02-09,8.764,8.808,8.871,8.682,17004.0,600335
2295,2011-02-10,8.745,9.42,9.566,8.745,36084.0,600335
2296,2011-02-11,9.37,9.414,9.686,9.281,28498.0,600335
2297,2011-02-14,9.281,9.408,9.591,9.281,23873.0,600335
2298,2011-02-15,9.471,9.919,10.273,9.471,70642.0,600335
2299,2011-02-16,9.881,10.109,10.115,9.755,35338.0,600335
2300,2011-02-17,10.102,10.102,10.147,9.932,29670.0,600335
2301,2011-02-18,10.014,10.09,10.367,9.97,35645.0,600335
2302,2011-02-21,10.039,10.235,10.405,9.591,45702.0,600335
2303,2011-02-23,9.723,9.723,9.723,9.723,24326.0,600335
2304,2011-02-24,9.446,9.351,9.572,9.281,97797.0,600335
2305,2011-02-25,9.338,9.174,9.351,8.934,88420.0,600335
2306,2011-02-28,9.174,9.067,9.18,8.953,70368.0,600335
2307,2011-03-01,9.048,9.3,9.439,9.042,59302.0,600335
2308,2011-03-02,9.275,9.237,9.37,9.004,29586.0,600335
2309,2011-03-03,9.25,9.307,9.452,9.155,54729.0,600335
2310,2011-03-04,9.288,9.244,9.357,8.972,54863.0,600335
2311,2011-03-07,9.218,9.281,9.345,9.124,40994.0,600335
2312,2011-03-08,9.3,9.395,9.465,9.18,41294.0,600335
2313,2011-03-09,9.597,9.326,9.597,9.256,34560.0,600335
2314,2011-03-10,9.332,9.364,9.427,9.187,23968.0,600335
2315,2011-03-11,9.351,9.269,9.465,9.193,29884.0,600335
2316,2011-03-14,9.275,8.978,9.275,8.808,65002.0,600335
2317,2011-03-15,8.941,8.871,9.092,8.65,30934.0,600335
2318,2011-03-16,8.972,9.01,9.092,8.915,32082.0,600335
2319,2011-03-17,8.934,8.947,9.016,8.707,22973.0,600335
2320,2011-03-18,9.143,9.004,9.155,8.915,19430.0,600335
2321,2011-03-21,9.016,8.997,9.067,8.934,9040.0,600335
2322,2011-03-22,9.016,9.048,9.143,8.871,12729.0,600335
2323,2011-03-23,9.01,9.446,9.502,9.01,103423.0,600335
2324,2011-03-24,9.395,9.294,9.496,9.079,42165.0,600335
2325,2011-03-25,9.244,9.439,9.597,9.218,27798.0,600335
2326,2011-03-28,9.534,9.465,9.629,9.351,19876.0,600335
2327,2011-03-29,9.471,9.578,9.932,9.313,38090.0,600335
2328,2011-03-30,9.604,9.585,9.837,9.49,28339.0,600335
2329,2011-03-31,9.515,9.427,9.629,9.199,38190.0,600335
2330,2011-04-01,9.351,9.332,9.414,9.269,23387.0,600335
2331,2011-04-07,9.313,9.408,9.521,9.281,29550.0,600335
2332,2011-04-08,9.414,9.395,9.458,9.294,11961.0,600335
2333,2011-04-11,9.389,9.237,9.458,9.092,27075.0,600335
2334,2011-04-12,9.263,9.13,9.3,9.067,13252.0,600335
2335,2011-04-13,9.269,9.231,9.269,9.079,11957.0,600335
2336,2011-04-14,9.162,9.149,9.401,9.098,18847.0,600335
2337,2011-04-15,9.143,9.275,9.395,9.092,33710.0,600335
2338,2011-04-18,9.275,9.484,9.54,9.105,44433.0,600335
2339,2011-04-19,9.49,9.957,9.957,9.326,63461.0,600335
2340,2011-04-20,9.976,10.045,10.323,9.976,65652.0,600335
2341,2011-04-21,9.926,10.178,10.197,9.736,41772.0,600335
2342,2011-04-22,10.292,10.102,10.399,10.014,43884.0,600335
2343,2011-04-25,10.039,9.717,10.039,9.673,29285.0,600335
2344,2011-04-26,9.553,9.768,9.875,9.553,21709.0,600335
2345,2011-04-27,9.768,9.414,9.9,9.281,21485.0,600335
2346,2011-04-28,9.357,9.067,9.49,8.966,19124.0,600335
2347,2011-04-29,9.029,9.18,9.345,8.84,20872.0,600335
2348,2011-05-03,9.18,9.256,9.313,9.143,9216.0,600335
2349,2011-05-04,9.256,9.3,9.534,9.162,13695.0,600335
2350,2011-05-05,9.3,9.452,9.591,9.269,12396.0,600335
2351,2011-05-06,9.458,9.812,9.913,9.357,24219.0,600335
2352,2011-05-09,9.818,9.787,9.888,9.667,11264.0,600335
2353,2011-05-10,9.793,9.534,9.793,9.408,18346.0,600335
2354,2011-05-11,9.484,9.502,9.591,9.427,13558.0,600335
2355,2011-05-12,9.509,9.206,9.534,9.155,14719.0,600335
2356,2011-05-13,9.162,9.281,9.351,9.117,11896.0,600335
2357,2011-05-16,9.275,9.244,9.439,9.218,9752.0,600335
2358,2011-05-17,9.244,9.338,9.414,9.187,13426.0,600335
2359,2011-05-18,9.338,9.218,9.338,9.105,23474.0,600335
2360,2011-05-19,9.162,9.231,9.307,9.117,16117.0,600335
2361,2011-05-20,9.244,9.345,9.383,9.193,11264.0,600335
2362,2011-05-23,9.313,9.471,9.559,9.313,31548.0,600335
2363,2011-05-24,9.534,9.458,9.559,9.345,22226.0,600335
2364,2011-05-25,9.452,9.641,9.85,9.408,28369.0,600335
2365,2011-05-26,9.641,9.237,9.723,9.193,21514.0,600335
2366,2011-05-27,9.124,8.789,9.345,8.776,27058.0,600335
2367,2011-05-30,8.543,8.694,8.915,8.353,15119.0,600335
2368,2011-05-31,8.77,8.833,8.966,8.707,13351.0,600335
2369,2011-06-01,8.928,8.846,8.978,8.65,5138.0,600335
2370,2011-06-02,8.776,8.84,8.903,8.707,8289.0,600335
2371,2011-06-03,8.795,9.042,9.073,8.795,5657.0,600335
2372,2011-06-07,8.978,9.199,9.281,8.934,10479.0,600335
2373,2011-06-08,9.218,9.54,9.572,9.218,27284.0,600335
2374,2011-06-15,10.02,10.02,10.02,10.02,4009.0,600335
2375,2011-06-16,10.519,10.519,10.519,10.519,5841.0,600335
2376,2011-06-17,11.043,9.995,11.043,9.995,99144.0,600335
2377,2011-06-20,9.616,9.496,9.989,9.496,20417.0,600335
2378,2011-06-21,9.597,9.313,9.597,9.023,40507.0,600335
2379,2011-06-22,9.307,9.212,9.401,9.073,11839.0,600335
2380,2011-06-23,9.206,9.294,9.395,9.155,11237.0,600335
2381,2011-06-24,9.281,9.585,9.761,9.174,24710.0,600335
2382,2011-06-27,9.502,9.515,9.679,9.452,26686.0,600335
2383,2011-06-28,9.509,9.755,9.951,9.509,28880.0,600335
2384,2011-06-29,9.761,9.559,9.919,9.313,21534.0,600335
2385,2011-06-30,9.376,9.66,9.705,9.376,15568.0,600335
2386,2011-07-01,9.641,9.881,9.913,9.597,16563.0,600335
2387,2011-07-04,9.963,9.888,10.014,9.812,19556.0,600335
2388,2011-07-05,9.85,10.121,10.342,9.812,24118.0,600335
2389,2011-07-06,10.102,10.178,10.279,10.008,17090.0,600335
2390,2011-07-07,10.26,10.203,10.26,10.14,21480.0,600335
2391,2011-07-08,10.222,10.538,10.595,10.165,31186.0,600335
2392,2011-07-11,10.481,10.513,10.727,10.418,18604.0,600335
2393,2011-07-12,10.456,10.298,10.513,10.102,24755.0,600335
2394,2011-07-13,10.235,10.304,10.374,10.184,13265.0,600335
2395,2011-07-14,10.292,10.708,10.759,10.292,22761.0,600335
2396,2011-07-15,10.595,10.923,11.113,10.519,34171.0,600335
2397,2011-07-18,10.955,10.74,11.106,10.671,26911.0,600335
2398,2011-07-19,10.734,10.74,10.866,10.626,7737.0,600335
2399,2011-07-20,10.847,10.98,11.106,10.677,27481.0,600335
2400,2011-07-21,10.986,11.207,11.346,10.91,27970.0,600335
2401,2011-07-22,11.207,11.1,11.334,11.049,13803.0,600335
2402,2011-07-25,11.1,10.544,11.163,10.544,17295.0,600335
2403,2011-07-26,10.45,10.607,10.721,10.342,11347.0,600335
2404,2011-07-27,10.487,10.841,10.86,10.487,9383.0,600335
2405,2011-07-28,10.993,11.131,11.384,10.828,43829.0,600335
2406,2011-07-29,11.163,10.879,11.308,10.727,17879.0,600335
2407,2011-08-01,10.734,10.671,10.967,10.645,11624.0,600335
2408,2011-08-02,10.671,10.797,10.841,10.361,12433.0,600335
2409,2011-08-03,10.677,10.847,10.923,10.601,13022.0,600335
2410,2011-08-04,10.797,10.772,10.974,10.721,6106.0,600335
2411,2011-08-05,10.323,10.279,10.626,10.235,25941.0,600335
2412,2011-08-08,10.26,9.919,10.285,9.768,32742.0,600335
2413,2011-08-09,9.73,9.907,10.134,9.42,17826.0,600335
2414,2011-08-10,10.399,10.386,10.399,10.229,25049.0,600335
2415,2011-08-11,10.229,10.658,10.677,10.134,24351.0,600335
2416,2011-08-12,10.715,11.106,11.188,10.715,39158.0,600335
2417,2011-08-15,11.113,11.176,11.46,11.113,21552.0,600335
2418,2011-08-16,11.352,11.081,11.352,11.081,17693.0,600335
2419,2011-08-17,11.081,11.075,11.321,10.974,16599.0,600335
2420,2011-08-18,11.056,10.816,11.15,10.809,6445.0,600335
2421,2011-08-19,10.721,10.803,10.854,10.551,5835.0,600335
2422,2011-08-22,10.885,10.727,10.955,10.639,5808.0,600335
2423,2011-08-23,10.797,10.898,10.917,10.734,3042.0,600335
2424,2011-08-24,10.999,10.898,11.068,10.86,7820.0,600335
2425,2011-08-25,10.898,11.201,11.27,10.778,13197.0,600335
2426,2011-08-26,11.27,11.157,11.277,11.081,6482.0,600335
2427,2011-08-29,11.049,11.037,11.176,10.948,4819.0,600335
2428,2011-08-30,11.037,11.043,11.251,10.898,4324.0,600335
2429,2011-08-31,10.942,11.119,11.163,10.923,17618.0,600335
2430,2011-09-01,11.176,10.563,11.176,10.563,19530.0,600335
2431,2011-09-02,10.532,10.727,10.791,10.469,7427.0,600335
2432,2011-09-05,10.727,10.753,10.847,10.544,6683.0,600335
2433,2011-09-06,10.734,10.765,10.809,10.588,4209.0,600335
2434,2011-09-07,10.772,10.822,10.86,10.671,4737.0,600335
2435,2011-09-08,10.841,10.841,10.892,10.721,5939.0,600335
2436,2011-09-09,10.841,10.835,10.917,10.734,4177.0,600335
2437,2011-09-13,10.835,10.671,10.835,10.557,2334.0,600335
2438,2011-09-14,10.544,10.671,10.854,10.519,4439.0,600335
2439,2011-09-15,10.677,10.576,10.765,10.544,4226.0,600335
2440,2011-09-16,10.576,10.431,10.677,10.367,8108.0,600335
2441,2011-09-19,10.418,10.172,10.418,10.109,2416.0,600335
2442,2011-09-20,10.102,10.153,10.222,9.976,4956.0,600335
2443,2011-09-21,10.014,10.361,10.386,10.014,5197.0,600335
2444,2011-09-22,10.412,10.532,10.702,10.285,11425.0,600335
2445,2011-09-23,10.386,10.33,10.412,10.134,5682.0,600335
2446,2011-09-26,10.203,10.21,10.355,10.197,4017.0,600335
2447,2011-09-27,10.21,10.235,10.266,10.014,8040.0,600335
2448,2011-09-28,10.235,9.963,10.235,9.944,3274.0,600335
2449,2011-09-29,9.963,9.534,10.26,9.477,10085.0,600335
2450,2011-09-30,9.585,9.824,9.85,9.439,4830.0,600335
2451,2011-10-10,9.881,10.159,10.197,9.881,3895.0,600335
2452,2011-10-11,10.159,10.292,10.355,10.121,4054.0,600335
2453,2011-10-12,10.292,10.595,10.639,10.147,10500.0,600335
2454,2011-10-13,10.431,10.626,10.671,10.418,11654.0,600335
2455,2011-10-14,10.551,10.677,10.715,10.355,6722.0,600335
2456,2011-10-17,10.734,10.974,11.037,10.614,17755.0,600335
2457,2011-10-18,11.012,10.727,11.012,10.671,10174.0,600335
2458,2011-10-19,10.784,10.923,10.948,10.784,19667.0,600335
2459,2011-10-20,10.923,10.955,11.049,10.607,12222.0,600335
2460,2011-10-21,10.809,10.405,10.936,10.405,33427.0,600335
2461,2011-10-24,10.399,10.791,10.797,10.361,6655.0,600335
2462,2011-10-26,10.923,10.98,11.1,10.797,21921.0,600335
2463,2011-10-27,10.993,10.873,11.037,10.841,13382.0,600335
2464,2011-10-28,10.892,11.321,11.352,10.892,20735.0,600335
2465,2011-10-31,11.365,11.22,11.365,11.049,8413.0,600335
2466,2011-11-01,11.176,11.365,11.397,11.081,23037.0,600335
2467,2011-11-02,11.22,11.466,11.479,11.1,19336.0,600335
2468,2011-11-03,11.416,11.555,11.87,11.397,21397.0,600335
2469,2011-11-04,11.624,11.479,11.668,11.428,14539.0,600335
2470,2011-11-07,11.498,11.283,11.498,11.258,7006.0,600335
2471,2011-11-08,11.258,11.302,11.409,11.144,7064.0,600335
2472,2011-11-09,11.352,11.308,11.491,11.176,6033.0,600335
2473,2011-11-10,11.308,11.264,11.359,10.898,7254.0,600335
2474,2011-11-11,11.302,11.188,11.359,11.176,4000.0,600335
2475,2011-11-14,11.365,11.334,11.416,11.176,15074.0,600335
2476,2011-11-15,11.27,11.428,11.441,11.182,7132.0,600335
2477,2011-11-16,11.422,11.258,11.422,10.955,13083.0,600335
2478,2011-11-17,11.258,11.277,11.302,11.113,4468.0,600335
2479,2011-11-18,11.207,10.999,11.232,10.929,3941.0,600335
2480,2011-11-21,10.847,10.948,11.049,10.847,2913.0,600335
2481,2011-11-22,10.967,11.245,11.27,10.86,9281.0,600335
2482,2011-11-23,11.296,11.485,11.643,11.296,15979.0,600335
2483,2011-11-24,11.365,11.251,11.479,11.207,7715.0,600335
2484,2011-11-25,11.251,11.188,11.315,11.113,5504.0,600335
2485,2011-11-28,11.176,11.144,11.239,10.734,9709.0,600335
2486,2011-11-29,11.113,11.018,11.15,10.879,6689.0,600335
2487,2011-11-30,10.986,10.847,10.986,10.734,4638.0,600335
2488,2011-12-01,10.898,10.942,11.087,10.797,10716.0,600335
2489,2011-12-02,10.898,10.506,10.923,10.456,10009.0,600335
2490,2011-12-05,10.475,9.963,10.475,9.963,13719.0,600335
2491,2011-12-06,9.97,10.336,10.393,9.471,8263.0,600335
2492,2011-12-07,10.279,10.349,10.469,10.083,4930.0,600335
2493,2011-12-08,10.412,10.626,10.671,10.26,12862.0,600335
2494,2011-12-09,10.601,10.405,10.601,10.229,6471.0,600335
2495,2011-12-12,10.443,10.02,10.45,9.989,3997.0,600335
2496,2011-12-13,9.869,9.635,9.869,9.597,2705.0,600335
2497,2011-12-14,9.471,9.345,9.73,9.079,2391.0,600335
2498,2011-12-15,9.187,8.789,9.187,8.789,7350.0,600335
2499,2011-12-16,8.6,8.347,8.934,8.347,19550.0,600335
2500,2011-12-19,8.328,8.107,8.334,7.956,13812.0,600335
2501,2011-12-20,8.044,8.398,8.429,7.968,18448.0,600335
2502,2011-12-21,8.486,8.36,8.587,8.196,13416.0,600335
2503,2011-12-22,8.366,8.322,8.366,7.943,4762.0,600335
2504,2011-12-23,8.208,8.461,8.574,8.208,5446.0,600335
2505,2011-12-26,8.461,8.644,8.713,8.461,5490.0,600335
2506,2011-12-27,8.454,8.593,8.713,8.454,3603.0,600335
2507,2011-12-28,8.467,8.511,8.587,8.164,11998.0,600335
2508,2011-12-29,8.429,8.625,8.682,8.309,3752.0,600335
2509,2011-12-30,8.543,8.871,8.934,8.543,7100.0,600335
2510,2012-01-04,8.871,8.461,8.896,8.435,3417.0,600335
2511,2012-01-05,8.334,8.12,8.505,8.038,5434.0,600335
2512,2012-01-06,8.183,7.716,8.183,7.716,9337.0,600335
2513,2012-01-09,7.722,7.817,7.949,7.406,8226.0,600335
2514,2012-01-10,8.208,8.208,8.208,8.057,5227.0,600335
2515,2012-01-11,8.619,8.619,8.619,8.524,4947.0,600335
2516,2012-01-12,8.707,8.751,8.903,8.448,13349.0,600335
2517,2012-01-13,8.833,8.518,8.833,8.473,9600.0,600335
2518,2012-01-16,8.492,8.214,8.669,8.158,14328.0,600335
2519,2012-01-17,8.208,8.461,8.574,8.208,22462.0,600335
2520,2012-01-18,8.492,8.625,8.84,8.492,12554.0,600335
2521,2012-01-19,8.473,8.745,8.789,8.461,6776.0,600335
2522,2012-01-20,8.713,9.029,9.092,8.713,8153.0,600335
2523,2012-01-30,8.966,8.997,9.155,8.928,8509.0,600335
2524,2012-01-31,9.067,8.972,9.067,8.871,2657.0,600335
2525,2012-02-01,8.966,8.991,9.092,8.966,3882.0,600335
2526,2012-02-02,9.086,9.13,9.187,8.909,2905.0,600335
2527,2012-02-06,9.319,9.553,9.585,9.193,7807.0,600335
2528,2012-02-07,9.553,9.597,9.648,9.237,10339.0,600335
2529,2012-02-08,9.553,9.824,9.85,9.42,7633.0,600335
2530,2012-02-09,9.818,9.585,9.856,9.572,8998.0,600335
2531,2012-02-10,9.585,9.61,9.761,9.509,3425.0,600335
2532,2012-02-13,9.553,9.9,10.027,9.502,13044.0,600335
2533,2012-02-14,9.85,9.957,10.071,9.793,7367.0,600335
2534,2012-02-15,9.957,10.039,10.09,9.768,6472.0,600335
2535,2012-02-16,10.039,9.907,10.102,9.787,6810.0,600335
2536,2012-02-17,9.976,9.824,9.976,9.806,2144.0,600335
2537,2012-02-20,9.938,9.648,10.014,9.49,3471.0,600335
2538,2012-02-21,9.812,9.932,9.976,9.578,9812.0,600335
2539,2012-02-22,9.926,10.02,10.071,9.831,7194.0,600335
2540,2012-02-23,9.963,9.976,10.058,9.881,3866.0,600335
2541,2012-02-24,9.995,9.932,9.995,9.881,5152.0,600335
2542,2012-02-27,9.97,10.273,10.431,9.938,27091.0,600335
2543,2012-02-28,10.317,10.115,10.38,9.97,12050.0,600335
2544,2012-02-29,9.989,10.191,10.229,9.957,7354.0,600335
2545,2012-03-01,10.045,10.355,10.576,10.045,17896.0,600335
2546,2012-03-02,10.235,10.506,10.513,10.229,7027.0,600335
2547,2012-03-05,10.544,10.664,10.734,10.424,16579.0,600335
2548,2012-03-06,10.639,10.664,10.683,10.513,7102.0,600335
2549,2012-03-07,10.519,10.551,10.664,10.45,5137.0,600335
2550,2012-03-08,10.538,10.538,10.797,10.525,10344.0,600335
2551,2012-03-09,10.551,10.595,10.639,10.494,8554.0,600335
2552,2012-03-12,10.607,10.791,10.816,10.595,13223.0,600335
2553,2012-03-13,10.841,11.176,11.302,10.841,29869.0,600335
2554,2012-03-14,11.176,10.721,11.416,10.62,18731.0,600335
2555,2012-03-15,10.481,10.986,11.258,10.481,16447.0,600335
2556,2012-03-16,10.955,11.176,11.232,10.91,6997.0,600335
2557,2012-03-19,11.182,11.264,11.346,11.087,12330.0,600335
2558,2012-03-20,11.239,11.188,11.352,11.062,13307.0,600335
2559,2012-03-21,11.188,11.043,11.27,10.784,16212.0,600335
2560,2012-03-22,11.068,11.062,11.113,10.797,12890.0,600335
2561,2012-03-23,10.986,10.607,10.986,10.506,25171.0,600335
2562,2012-03-26,10.532,10.57,10.607,10.229,8699.0,600335
2563,2012-03-27,10.62,10.45,10.62,10.443,4664.0,600335
2564,2012-03-28,10.323,10.064,10.323,9.932,9500.0,600335
2565,2012-03-29,9.982,9.881,10.102,9.787,4534.0,600335
2566,2012-03-30,10.077,10.147,10.191,9.919,11005.0,600335
2567,2012-04-05,10.134,10.607,10.652,10.109,10876.0,600335
2568,2012-04-06,10.607,10.727,10.854,10.607,6859.0,600335
2569,2012-04-09,10.778,10.753,10.917,10.607,4244.0,600335
2570,2012-04-10,10.841,10.828,10.841,10.626,3011.0,600335
2571,2012-04-11,10.734,10.784,10.904,10.702,3239.0,600335
2572,2012-04-12,10.772,10.879,10.885,10.708,5212.0,600335
2573,2012-04-13,10.923,10.904,11.018,10.898,8069.0,600335
2574,2012-04-16,10.948,10.91,10.986,10.765,10956.0,600335
2575,2012-04-17,10.929,10.671,10.929,10.367,6510.0,600335
2576,2012-04-18,10.544,10.292,10.614,10.165,20598.0,600335
2577,2012-04-19,10.279,9.894,10.355,9.888,23956.0,600335
2578,2012-04-20,9.894,10.096,10.191,9.894,11516.0,600335
2579,2012-04-23,10.147,9.932,10.147,9.755,9612.0,600335
2580,2012-04-24,9.85,10.033,10.077,9.755,6206.0,600335
2581,2012-04-27,10.102,9.862,10.91,9.477,38892.0,600335
2582,2012-05-02,9.477,9.881,10.064,9.477,18045.0,600335
2583,2012-05-03,9.862,9.812,9.862,9.521,10560.0,600335
2584,2012-05-04,9.723,9.818,9.824,9.578,14139.0,600335
2585,2012-05-07,9.622,9.641,9.723,9.471,17598.0,600335
2586,2012-05-08,9.566,9.528,9.597,9.484,10797.0,600335
2587,2012-05-09,9.477,9.534,9.692,9.471,11483.0,600335
2588,2012-05-10,9.616,9.591,9.648,9.521,5686.0,600335
2589,2012-05-11,9.648,9.502,9.654,9.439,8533.0,600335
2590,2012-05-14,9.502,9.477,9.635,9.471,6193.0,600335
2591,2012-05-15,9.502,9.528,9.534,8.53,8240.0,600335
2592,2012-05-16,9.547,9.408,9.566,9.313,6541.0,600335
2593,2012-05-17,9.452,9.465,9.477,9.269,5181.0,600335
2594,2012-05-18,9.395,9.281,9.401,9.256,6452.0,600335
2595,2012-05-21,9.263,8.959,9.281,8.398,7161.0,600335
2596,2012-05-22,8.972,8.757,8.972,8.644,28856.0,600335
2597,2012-05-23,8.682,8.802,8.89,8.644,11868.0,600335
2598,2012-05-24,8.808,8.903,8.966,8.713,8522.0,600335
2599,2012-05-25,8.871,8.669,8.966,8.65,9179.0,600335
2600,2012-05-28,8.713,9.023,9.029,8.606,8747.0,600335
2601,2012-05-30,9.143,8.751,9.155,8.688,13692.0,600335
2602,2012-05-31,8.764,8.593,8.764,8.492,13269.0,600335
2603,2012-06-01,8.593,8.625,8.688,8.48,10811.0,600335
2604,2012-06-04,8.524,8.442,8.524,8.398,6326.0,600335
2605,2012-06-05,8.41,8.524,8.574,8.366,6506.0,600335
2606,2012-06-06,8.524,8.372,8.524,8.347,6158.0,600335
2607,2012-06-07,8.435,8.189,8.48,8.177,7291.0,600335
2608,2012-06-08,8.208,8.025,8.303,8.006,6057.0,600335
2609,2012-06-11,8.101,8.082,8.101,7.975,9122.0,600335
2610,2012-06-12,8.082,8.05,8.094,8.019,5209.0,600335
2611,2012-06-13,8.051,8.273,8.299,8.051,8375.0,600335
2612,2012-06-14,8.254,8.629,8.954,8.203,21307.0,600335
2613,2012-06-15,8.636,8.629,8.763,8.458,8208.0,600335
2614,2012-06-18,8.655,8.559,8.801,8.528,5877.0,600335
2615,2012-06-19,8.61,8.439,8.61,8.324,9545.0,600335
2616,2012-06-20,8.489,8.191,8.489,8.108,13858.0,600335
2617,2012-06-21,8.152,8.089,8.152,7.917,9257.0,600335
2618,2012-06-25,8.051,7.974,8.051,7.752,12955.0,600335
2619,2012-06-26,7.784,7.873,7.974,7.777,7623.0,600335
2620,2012-06-27,7.923,7.758,7.943,7.739,8469.0,600335
2621,2012-06-28,7.758,7.44,7.809,7.364,13348.0,600335
2622,2012-06-29,7.326,7.682,7.714,7.313,7609.0,600335
2623,2012-07-02,7.663,7.516,7.726,7.497,9755.0,600335
2624,2012-07-03,7.44,7.186,7.516,7.116,26954.0,600335
2625,2012-07-04,7.186,7.179,7.218,6.995,21501.0,600335
2626,2012-07-05,7.109,6.919,7.109,6.868,8736.0,600335
2627,2012-07-06,6.957,7.046,7.109,6.817,8920.0,600335
2628,2012-07-09,6.97,6.779,7.02,6.423,22036.0,600335
2629,2012-07-10,6.639,6.435,6.747,6.359,24076.0,600335
2630,2012-07-11,6.404,6.385,6.486,6.296,15807.0,600335
2631,2012-07-12,6.435,6.613,6.645,6.423,31536.0,600335
2632,2012-07-13,6.575,6.429,6.607,6.378,21593.0,600335
2633,2012-07-16,6.493,6.181,6.493,5.914,20907.0,600335
2634,2012-07-17,6.092,6.276,6.34,6.048,19257.0,600335
2635,2012-07-18,6.2,6.302,6.359,6.124,14415.0,600335
2636,2012-07-19,6.283,6.391,6.55,6.245,36217.0,600335
2637,2012-07-20,6.378,6.308,6.423,6.264,15675.0,600335
2638,2012-07-23,6.296,6.194,6.296,6.054,18492.0,600335
2639,2012-07-24,6.111,6.276,6.359,6.105,9608.0,600335
2640,2012-07-25,6.232,6.168,6.264,6.13,8466.0,600335
2641,2012-07-26,6.13,6.175,6.296,6.073,9718.0,600335
2642,2012-07-27,6.175,6.27,6.283,6.137,8346.0,600335
2643,2012-07-30,6.276,6.124,6.296,5.946,13117.0,600335
2644,2012-07-31,6.022,5.92,6.105,5.914,8172.0,600335
2645,2012-08-01,5.831,6.009,6.162,5.793,12128.0,600335
2646,2012-08-02,5.99,5.882,6.041,5.8,7909.0,600335
2647,2012-08-03,5.863,6.003,6.003,5.825,9740.0,600335
2648,2012-08-06,5.978,6.181,6.2,5.908,14675.0,600335
2649,2012-08-07,6.149,6.41,6.537,6.143,35472.0,600335
2650,2012-08-08,6.359,6.435,6.512,6.302,32175.0,600335
2651,2012-08-09,6.378,6.493,6.537,6.315,26472.0,600335
2652,2012-08-10,6.486,6.435,6.594,6.423,21250.0,600335
2653,2012-08-13,6.416,6.359,6.486,6.27,14207.0,600335
2654,2012-08-14,6.365,6.486,6.512,6.111,18629.0,600335
2655,2012-08-15,6.435,6.321,6.569,6.302,13011.0,600335
2656,2012-08-16,6.296,6.302,6.454,6.219,8627.0,600335
2657,2012-08-17,6.302,6.582,6.607,6.232,24118.0,600335
2658,2012-08-20,6.55,6.664,6.696,6.423,41303.0,600335
2659,2012-08-21,6.658,6.715,6.792,6.582,45135.0,600335
2660,2012-08-22,6.69,6.537,6.779,6.505,25221.0,600335
2661,2012-08-23,6.531,6.423,6.582,6.308,33763.0,600335
2662,2012-08-24,6.365,6.289,6.397,6.162,20291.0,600335
2663,2012-08-27,6.226,5.939,6.226,5.869,22716.0,600335
2664,2012-08-28,5.882,5.914,6.016,5.857,13313.0,600335
2665,2012-08-29,5.882,5.971,5.99,5.863,10598.0,600335
2666,2012-08-30,5.971,5.825,5.971,5.647,13786.0,600335
2667,2012-08-31,5.723,5.869,5.901,5.723,6777.0,600335
2668,2012-09-03,5.863,6.016,6.041,5.819,12235.0,600335
2669,2012-09-04,5.984,5.863,6.028,5.844,7283.0,600335
2670,2012-09-05,5.825,5.895,5.946,5.787,7058.0,600335
2671,2012-09-06,5.99,5.946,5.997,5.876,7722.0,600335
2672,2012-09-07,6.003,6.257,6.315,5.965,26609.0,600335
2673,2012-09-10,6.302,6.41,6.429,6.219,26918.0,600335
2674,2012-09-11,6.365,6.416,6.423,6.302,13685.0,600335
2675,2012-09-12,6.423,6.41,6.474,6.315,15421.0,600335
2676,2012-09-13,6.423,6.346,6.423,6.257,20320.0,600335
2677,2012-09-14,6.41,6.276,6.416,6.219,16476.0,600335
2678,2012-09-17,6.289,5.99,6.423,5.978,13003.0,600335
2679,2012-09-18,5.978,5.946,6.022,5.838,12428.0,600335
2680,2012-09-19,5.946,6.067,6.098,5.92,9592.0,600335
2681,2012-09-20,6.022,5.958,6.022,5.863,7772.0,600335
2682,2012-09-21,5.908,5.914,5.978,5.876,5223.0,600335
2683,2012-09-24,5.895,5.85,5.895,5.755,3640.0,600335
2684,2012-09-25,5.825,5.793,5.895,5.774,3357.0,600335
2685,2012-09-26,5.755,5.672,5.787,5.564,8326.0,600335
2686,2012-09-27,5.602,5.85,5.889,5.602,9223.0,600335
2687,2012-09-28,5.819,6.016,6.022,5.73,9298.0,600335
2688,2012-10-08,6.003,5.889,6.003,5.889,4896.0,600335
2689,2012-10-09,5.889,6.092,6.137,5.882,10889.0,600335
2690,2012-10-10,6.086,6.257,6.315,6.016,26967.0,600335
2691,2012-10-11,6.264,6.181,6.264,6.041,14203.0,600335
2692,2012-10-12,6.137,6.098,6.226,6.041,6016.0,600335
2693,2012-10-15,6.13,5.844,6.13,5.787,10092.0,600335
2694,2012-10-16,5.838,5.939,5.946,5.819,10014.0,600335
2695,2012-10-17,5.946,5.939,5.946,5.838,5229.0,600335
2696,2012-10-18,5.946,6.092,6.105,5.901,12614.0,600335
2697,2012-10-19,6.092,6.105,6.149,6.028,7766.0,600335
2698,2012-10-22,5.965,6.181,6.2,5.965,9381.0,600335
2699,2012-10-23,6.181,6.302,6.315,6.105,28357.0,600335
2700,2012-10-24,6.257,6.556,6.664,6.168,47942.0,600335
2701,2012-10-25,6.486,6.378,6.607,6.327,28849.0,600335
2702,2012-10-26,6.359,6.276,6.359,5.978,17874.0,600335
2703,2012-10-29,6.168,6.289,6.296,6.098,8801.0,600335
2704,2012-10-30,6.296,6.296,6.378,6.206,8198.0,600335
2705,2012-10-31,6.27,6.442,6.448,6.181,15911.0,600335
2706,2012-11-01,6.448,6.512,6.531,6.365,16183.0,600335
2707,2012-11-02,6.505,6.423,6.575,6.416,11632.0,600335
2708,2012-11-05,6.41,6.397,6.544,6.372,8533.0,600335
2709,2012-11-06,6.365,6.315,6.429,6.232,9996.0,600335
2710,2012-11-07,6.327,6.34,6.397,6.251,6927.0,600335
2711,2012-11-08,6.296,6.13,6.308,6.092,10889.0,600335
2712,2012-11-09,6.143,6.162,6.187,6.048,5699.0,600335
2713,2012-11-12,6.111,6.079,6.2,6.06,4015.0,600335
2714,2012-11-13,6.048,5.965,6.073,5.825,7535.0,600335
2715,2012-11-14,5.914,5.978,6.028,5.863,3674.0,600335
2716,2012-11-15,5.99,5.768,5.99,5.755,4888.0,600335
2717,2012-11-16,5.73,5.831,5.85,5.723,4216.0,600335
2718,2012-11-19,5.85,5.889,5.895,5.761,2635.0,600335
2719,2012-11-20,5.895,5.882,5.895,5.831,2661.0,600335
2720,2012-11-21,5.895,5.908,5.908,5.774,3434.0,600335
2721,2012-11-22,5.901,5.85,5.901,5.723,3269.0,600335
2722,2012-11-23,5.787,5.831,5.876,5.78,5183.0,600335
2723,2012-11-26,5.787,5.78,5.831,5.73,5919.0,600335
2724,2012-11-27,5.723,5.469,5.774,5.342,12373.0,600335
2725,2012-11-28,5.412,5.393,5.412,5.227,7792.0,600335
2726,2012-11-29,5.316,5.386,5.405,5.291,5615.0,600335
2727,2012-11-30,5.38,5.482,5.513,5.323,3500.0,600335
2728,2012-12-03,5.443,5.443,5.532,5.31,3346.0,600335
2729,2012-12-04,5.405,5.513,5.577,5.278,4183.0,600335
2730,2012-12-05,5.469,5.793,5.806,5.386,11256.0,600335
2731,2012-12-06,5.768,5.793,5.8,5.672,5929.0,600335
2732,2012-12-07,5.787,5.869,5.908,5.73,7502.0,600335
2733,2012-12-10,5.831,5.914,5.939,5.819,8567.0,600335
2734,2012-12-11,5.901,5.869,5.901,5.806,4335.0,600335
2735,2012-12-12,5.838,5.831,5.85,5.691,6665.0,600335
2736,2012-12-13,5.8,5.78,5.812,5.723,5213.0,600335
2737,2012-12-14,5.78,6.346,6.359,5.78,38252.0,600335
2738,2012-12-17,6.416,6.391,6.423,6.296,17758.0,600335
2739,2012-12-18,6.359,6.429,6.588,6.251,22426.0,600335
2740,2012-12-19,6.416,6.467,6.582,6.334,13601.0,600335
2741,2012-12-20,6.454,6.448,6.454,6.296,15537.0,600335
2742,2012-12-21,6.391,6.512,6.531,6.308,16622.0,600335
2743,2012-12-24,6.486,7.04,7.148,6.391,50031.0,600335
2744,2012-12-25,6.957,7.319,7.421,6.9,48978.0,600335
2745,2012-12-26,7.307,7.281,7.599,7.205,31093.0,600335
2746,2012-12-27,7.288,7.396,7.485,7.09,22712.0,600335
2747,2012-12-28,7.357,7.447,7.485,7.268,14101.0,600335
2748,2012-12-31,7.504,7.955,8.0,7.364,32621.0,600335
2749,2013-01-04,8.019,7.599,8.184,7.447,23840.0,600335
2750,2013-01-07,7.561,7.338,7.561,7.249,29800.0,600335
2751,2013-01-08,7.434,7.332,7.434,7.186,30112.0,600335
2752,2013-01-09,7.288,7.23,7.389,7.173,26354.0,600335
2753,2013-01-10,7.23,7.307,7.357,7.173,34789.0,600335
2754,2013-01-11,7.256,7.008,7.345,6.95,35574.0,600335
2755,2013-01-14,7.008,7.459,7.491,7.008,53324.0,600335
2756,2013-01-15,7.466,7.688,7.834,7.466,59525.0,600335
2757,2013-01-16,7.688,7.892,7.936,7.472,38736.0,600335
2758,2013-01-17,7.841,7.752,7.917,7.567,31933.0,600335
2759,2013-01-18,7.695,7.904,7.904,7.605,33783.0,600335
2760,2013-01-21,7.885,8.26,8.375,7.885,42763.0,600335
2761,2013-01-22,8.152,8.604,8.744,8.152,58000.0,600335
2762,2013-01-23,8.553,8.515,8.68,8.299,24793.0,600335
2763,2013-01-24,8.432,8.674,8.845,8.33,27755.0,600335
2764,2013-01-25,8.553,8.222,8.858,8.203,20517.0,600335
2765,2013-01-28,8.171,8.731,8.769,8.14,33328.0,600335
2766,2013-01-29,8.731,8.839,8.966,8.712,16035.0,600335
2767,2013-01-30,8.839,8.776,8.935,8.585,11363.0,600335
2768,2013-01-31,8.776,8.547,8.776,8.47,10774.0,600335
2769,2013-02-01,8.534,8.28,8.534,8.273,17462.0,600335
2770,2013-02-04,8.267,9.106,9.106,8.203,38421.0,600335
2771,2013-02-05,9.113,9.291,9.38,8.795,38714.0,600335
2772,2013-02-06,9.113,9.068,9.252,8.979,19135.0,600335
2773,2013-02-07,8.954,9.036,9.208,8.954,12023.0,600335
2774,2013-02-08,8.935,9.729,9.876,8.935,51803.0,600335
2775,2013-02-18,9.704,9.634,9.85,9.437,29154.0,600335
2776,2013-02-19,9.596,9.151,9.64,8.903,31650.0,600335
2777,2013-02-20,9.176,9.539,9.558,9.055,35150.0,600335
2778,2013-02-21,9.462,9.284,9.494,8.985,26144.0,600335
2779,2013-02-22,9.272,9.189,9.278,9.055,8270.0,600335
2780,2013-02-25,9.221,9.291,9.322,9.113,8519.0,600335
2781,2013-02-26,9.252,9.227,9.602,9.157,12414.0,600335
2782,2013-02-27,9.272,9.017,9.284,8.763,20537.0,600335
2783,2013-02-28,9.062,9.227,9.284,8.89,17897.0,600335
2784,2013-03-01,9.246,9.087,9.539,8.998,42279.0,600335
2785,2013-03-04,8.896,8.597,9.221,8.178,77571.0,600335
2786,2013-03-05,8.534,8.648,8.871,8.362,22149.0,600335
2787,2013-03-06,8.585,8.706,8.769,8.585,13085.0,600335
2788,2013-03-07,8.629,8.82,9.03,8.547,16733.0,600335
2789,2013-03-08,8.833,9.036,9.183,8.763,18358.0,600335
2790,2013-03-11,9.03,8.865,9.03,8.674,11238.0,600335
2791,2013-03-12,8.731,8.737,8.858,8.267,12052.0,600335
2792,2013-03-13,8.585,8.388,8.687,8.254,15580.0,600335
2793,2013-03-14,8.54,8.464,8.566,7.898,9020.0,600335
2794,2013-03-15,8.432,8.21,8.801,8.159,17312.0,600335
2795,2013-03-18,8.165,7.93,8.267,7.917,16195.0,600335
2796,2013-03-19,7.943,7.79,8.127,7.631,9720.0,600335
2797,2013-03-20,7.892,8.572,8.572,7.885,23090.0,600335
2798,2013-03-21,8.597,8.559,8.903,8.489,20409.0,600335
2799,2013-03-22,8.464,8.54,8.617,8.4,8136.0,600335
2800,2013-07-01,8.896,7.885,8.896,7.688,67547.0,600335
2801,2013-07-02,7.693,7.571,7.757,7.424,56821.0,600335
2802,2013-07-03,7.469,7.93,7.95,7.469,53532.0,600335
2803,2013-07-04,7.918,7.719,7.918,7.655,23914.0,600335
2804,2013-07-05,7.7,7.546,7.802,7.533,15250.0,600335
2805,2013-07-08,7.546,7.437,7.584,7.212,16004.0,600335
2806,2013-07-09,7.514,7.462,7.559,7.309,12531.0,600335
2807,2013-07-10,7.386,7.591,7.603,7.347,11173.0,600335
2808,2013-07-11,7.501,7.687,7.93,7.501,22805.0,600335
2809,2013-07-12,8.456,8.097,8.456,8.014,57811.0,600335
2810,2013-07-15,8.097,8.322,8.43,8.097,47614.0,600335
2811,2013-07-16,8.302,8.136,8.302,8.001,44525.0,600335
2812,2013-07-17,8.071,7.918,8.116,7.886,16889.0,600335
2813,2013-07-18,7.918,7.969,8.001,7.815,14981.0,600335
2814,2013-07-19,7.937,7.745,8.014,7.648,14943.0,600335
2815,2013-07-22,7.616,7.501,7.648,7.373,18716.0,600335
2816,2013-07-23,7.501,7.655,7.712,7.501,16152.0,600335
2817,2013-07-24,7.629,7.539,7.687,7.475,13576.0,600335
2818,2013-07-25,7.648,7.514,7.648,7.488,11190.0,600335
2819,2013-07-26,7.514,7.321,7.559,7.315,12778.0,600335
2820,2013-07-29,7.315,7.065,7.315,7.001,11508.0,600335
2821,2013-07-30,7.059,7.206,7.244,6.892,12373.0,600335
2822,2013-07-31,7.18,7.283,7.321,7.155,8897.0,600335
2823,2013-08-01,7.302,7.366,7.43,7.212,9494.0,600335
2824,2013-08-02,7.437,7.462,7.546,7.36,22136.0,600335
2825,2013-08-05,7.469,7.636,7.655,7.36,15656.0,600335
2826,2013-08-06,7.706,8.264,8.277,7.642,44748.0,600335
2827,2013-08-07,8.168,8.123,8.456,8.11,33206.0,600335
2828,2013-08-08,8.116,8.879,8.937,8.116,87465.0,600335
2829,2013-08-09,8.911,8.95,9.174,8.822,44726.0,600335
2830,2013-08-12,8.892,9.104,9.149,8.725,39486.0,600335
2831,2013-08-13,9.091,8.982,9.091,8.847,24593.0,600335
2832,2013-08-14,8.911,8.815,9.065,8.77,23679.0,600335
2833,2013-08-15,8.725,8.745,8.95,8.706,8161.0,600335
2834,2013-08-16,8.777,8.719,9.02,8.469,17428.0,600335
2835,2013-08-19,8.559,8.924,8.943,8.559,17864.0,600335
2836,2013-08-20,8.86,8.879,9.001,8.828,9722.0,600335
2837,2013-08-21,8.898,8.892,8.969,8.751,9166.0,600335
2838,2013-08-22,8.879,9.783,9.783,8.847,61495.0,600335
2839,2013-08-23,9.783,9.61,9.873,9.174,50481.0,600335
2840,2013-08-26,9.495,9.911,10.232,9.424,35408.0,600335
2841,2013-08-27,9.911,9.931,10.059,9.623,28425.0,600335
2842,2013-08-28,9.745,9.52,9.751,9.495,17204.0,600335
2843,2013-08-29,9.52,9.636,9.828,9.488,14800.0,600335
2844,2013-08-30,9.7,9.302,9.783,9.168,19158.0,600335
2845,2013-09-02,9.52,9.11,9.52,8.642,21536.0,600335
2846,2013-09-03,8.963,9.2,9.277,8.892,15402.0,600335
2847,2013-09-04,9.2,9.078,9.2,8.911,13558.0,600335
2848,2013-09-05,9.052,9.072,9.155,8.943,6432.0,600335
2849,2013-09-06,8.975,9.296,9.469,8.931,18597.0,600335
2850,2013-09-09,9.296,9.232,9.456,9.014,17522.0,600335
2851,2013-09-10,9.238,9.411,9.52,9.084,21818.0,600335
2852,2013-09-11,9.443,9.123,9.482,9.116,13577.0,600335
2853,2013-09-12,9.116,8.828,9.168,8.757,27788.0,600335
2854,2013-09-13,8.834,8.719,8.943,8.488,25611.0,600335
2855,2013-09-16,8.693,8.828,8.931,8.655,11776.0,600335
2856,2013-09-17,8.834,8.764,8.86,8.713,9232.0,600335
2857,2013-09-18,8.841,8.706,8.847,8.463,13802.0,600335
2858,2013-09-23,8.706,8.783,8.841,8.552,14115.0,600335
2859,2013-09-24,8.745,8.719,8.745,8.533,10056.0,600335
2860,2013-09-25,8.706,8.681,8.777,8.591,9538.0,600335
2861,2013-09-26,8.674,8.411,8.674,8.398,11604.0,600335
2862,2013-09-27,9.251,8.854,9.251,8.732,55243.0,600335
2863,2013-09-30,8.879,9.469,9.738,8.777,26051.0,600335
2864,2013-10-08,9.392,9.591,9.668,9.296,54029.0,600335
2865,2013-10-09,9.584,9.527,9.713,9.347,29218.0,600335
2866,2013-10-10,9.495,9.597,9.681,9.463,41049.0,600335
2867,2013-10-11,9.623,9.597,9.642,9.424,17561.0,600335
2868,2013-10-14,9.514,9.674,9.841,9.264,26628.0,600335
2869,2013-10-15,9.649,9.578,9.77,9.469,15673.0,600335
2870,2013-10-16,9.617,9.584,9.674,9.309,23584.0,600335
2871,2013-10-17,9.488,10.033,10.065,9.488,53831.0,600335
2872,2013-10-18,9.969,9.591,9.969,9.501,25585.0,600335
2873,2013-10-21,9.552,9.745,9.764,9.296,19859.0,600335
2874,2013-10-22,9.719,9.802,9.937,9.54,17559.0,600335
2875,2013-10-23,9.777,9.552,10.033,9.546,16846.0,600335
2876,2013-10-24,9.501,9.873,9.969,9.328,32678.0,600335
2877,2013-10-25,9.873,10.392,10.687,9.745,80094.0,600335
2878,2013-10-28,10.258,10.988,11.232,10.258,99217.0,600335
2879,2013-10-29,10.905,10.912,11.2,10.367,67870.0,600335
2880,2013-10-30,10.886,11.033,11.187,10.61,45525.0,600335
2881,2013-10-31,11.027,10.431,11.027,10.296,37772.0,600335
2882,2013-11-01,10.482,10.206,10.482,10.008,22048.0,600335
2883,2013-11-04,10.117,9.879,10.194,9.655,20681.0,600335
2884,2013-11-05,9.809,10.219,10.444,9.745,41166.0,600335
2885,2013-11-06,10.174,9.777,10.251,9.751,18244.0,600335
2886,2013-11-07,9.642,9.424,9.847,9.405,30694.0,600335
2887,2013-11-08,9.418,9.206,9.443,8.898,38393.0,600335
2888,2013-11-11,9.02,8.982,9.168,8.751,33035.0,600335
2889,2013-11-12,9.007,9.027,9.136,8.757,37030.0,600335
2890,2013-11-13,9.258,8.681,9.258,8.655,24093.0,600335
2891,2013-11-14,8.674,8.681,8.757,8.565,32122.0,600335
2892,2013-11-15,8.713,8.757,8.943,8.629,39427.0,600335
2893,2013-11-18,8.738,8.975,9.052,8.738,34366.0,600335
2894,2013-11-19,8.995,9.424,9.681,8.918,85254.0,600335
2895,2013-11-20,9.411,9.347,9.475,9.2,29734.0,600335
2896,2013-11-21,9.296,9.072,9.296,9.027,40562.0,600335
2897,2013-11-22,9.072,9.104,9.277,9.072,19560.0,600335
2898,2013-11-25,9.104,8.956,9.142,8.943,25032.0,600335
2899,2013-11-26,8.918,8.828,9.027,8.725,25133.0,600335
2900,2013-11-27,8.719,8.898,8.943,8.719,20118.0,600335
2901,2013-11-28,8.866,9.097,9.155,8.866,32347.0,600335
2902,2013-11-29,9.104,9.084,9.104,8.995,20820.0,600335
2903,2013-12-02,8.95,8.866,9.078,8.584,71103.0,600335
2904,2013-12-03,8.796,9.174,9.225,8.783,34294.0,600335
2905,2013-12-04,9.136,9.129,9.322,9.11,47944.0,600335
2906,2013-12-05,9.136,9.334,9.392,9.033,62608.0,600335
2907,2013-12-06,9.341,9.155,9.347,9.142,30287.0,600335
2908,2013-12-09,9.174,9.084,9.187,8.937,31764.0,600335
2909,2013-12-10,9.142,9.123,9.309,9.059,25714.0,600335
2910,2013-12-11,9.123,8.918,9.123,8.815,22529.0,600335
2911,2013-12-12,8.918,8.918,9.04,8.886,11852.0,600335
2912,2013-12-13,8.879,8.873,8.931,8.802,18177.0,600335
2913,2013-12-16,8.802,8.648,8.847,8.591,37544.0,600335
2914,2013-12-17,8.655,8.45,8.713,8.398,20868.0,600335
2915,2013-12-18,8.437,8.456,8.482,8.405,12051.0,600335
2916,2013-12-19,8.475,8.45,8.584,8.289,18731.0,600335
2917,2013-12-20,8.398,8.148,8.443,8.078,20339.0,600335
2918,2013-12-23,8.206,8.155,8.225,8.091,9425.0,600335
2919,2013-12-24,8.142,8.123,8.232,7.937,15036.0,600335
2920,2013-12-25,8.2,8.302,8.328,8.059,14716.0,600335
2921,2013-12-26,8.283,8.168,8.424,8.11,18783.0,600335
2922,2013-12-27,8.148,8.296,8.322,8.148,17672.0,600335
2923,2013-12-30,8.405,8.334,8.405,8.213,15013.0,600335
2924,2013-12-31,8.334,8.328,8.398,8.257,17510.0,600335
2925,2014-01-02,8.27,8.174,8.36,8.116,17120.0,600335
2926,2014-01-03,8.161,8.213,8.245,8.046,18916.0,600335
2927,2014-01-06,8.213,8.097,8.289,8.084,24157.0,600335
2928,2014-01-07,8.097,8.014,8.206,7.982,18780.0,600335
2929,2014-01-08,8.014,7.924,8.084,7.854,16548.0,600335
2930,2014-01-09,7.821,7.886,8.027,7.821,18593.0,600335
2931,2014-01-10,7.918,7.565,8.059,7.527,31854.0,600335
2932,2014-01-13,7.565,7.257,7.68,7.187,30819.0,600335
2933,2014-01-14,7.257,7.751,7.796,7.244,28994.0,600335
2934,2014-01-15,7.706,7.706,7.745,7.52,12254.0,600335
2935,2014-01-16,7.783,7.918,8.11,7.712,25110.0,600335
2936,2014-01-17,7.95,7.995,8.078,7.815,19390.0,600335
2937,2014-01-20,7.937,7.873,8.014,7.796,13471.0,600335
2938,2014-01-21,7.873,7.982,8.071,7.834,20615.0,600335
2939,2014-01-22,7.943,8.289,8.379,7.943,38439.0,600335
2940,2014-01-23,8.27,8.751,8.905,8.148,70558.0,600335
2941,2014-01-24,8.719,9.296,9.424,8.629,83808.0,600335
2942,2014-01-27,9.238,9.713,9.873,9.238,71085.0,600335
2943,2014-01-28,9.745,9.79,10.309,9.745,82892.0,600335
2944,2014-01-29,9.79,9.835,10.033,9.54,42404.0,600335
2945,2014-01-30,9.873,9.623,9.873,9.277,24795.0,600335
2946,2014-02-07,9.623,9.751,9.841,9.552,38193.0,600335
2947,2014-02-10,9.745,10.578,10.629,9.713,84362.0,600335
2948,2014-02-11,10.572,10.328,10.899,10.033,64694.0,600335
2949,2014-02-12,10.322,10.059,10.36,9.956,34737.0,600335
2950,2014-02-13,10.085,10.771,10.822,9.982,78768.0,600335
2951,2014-02-14,10.873,11.848,11.848,10.495,140050.0,600335
2952,2014-02-17,12.386,12.816,13.034,11.854,227487.0,600335
2953,2014-02-18,14.098,14.098,14.098,13.771,182348.0,600335
2954,2014-02-19,14.777,14.758,14.809,13.655,337730.0,600335
2955,2014-02-20,14.162,13.29,14.22,13.284,207364.0,600335
2956,2014-02-21,13.046,12.809,13.053,12.476,162743.0,600335
2957,2014-02-24,12.643,12.732,12.918,12.425,97398.0,600335
2958,2014-02-25,12.726,11.456,12.726,11.456,141531.0,600335
2959,2014-02-26,11.662,12.162,12.604,11.649,168224.0,600335
2960,2014-02-27,12.181,11.976,13.078,11.899,152399.0,600335
2961,2014-02-28,11.559,12.194,12.566,10.912,130218.0,600335
2962,2014-03-03,12.239,12.604,13.072,12.066,116445.0,600335
2963,2014-03-04,12.38,12.059,12.598,11.989,82710.0,600335
2964,2014-03-05,12.072,12.155,12.207,11.924,56741.0,600335
2965,2014-03-06,12.117,11.527,12.142,11.251,79324.0,600335
2966,2014-03-07,11.424,11.213,11.642,11.085,60638.0,600335
2967,2014-03-10,11.059,10.251,11.059,10.213,69501.0,600335
2968,2014-03-11,10.296,10.296,10.431,10.065,53488.0,600335
2969,2014-03-12,10.296,10.61,10.655,10.078,79171.0,600335
2970,2014-03-20,10.86,11.283,11.674,10.706,175666.0,600335
2971,2014-03-21,10.905,11.072,11.232,10.662,100722.0,600335
2972,2014-03-24,10.912,11.04,11.091,10.694,68522.0,600335
2973,2014-03-25,10.912,10.796,10.95,10.7,34647.0,600335
2974,2014-03-26,10.822,11.239,11.45,10.738,69435.0,600335
2975,2014-03-27,11.226,10.719,11.226,10.681,49901.0,600335
2976,2014-03-28,10.674,10.264,10.79,10.174,41389.0,600335
2977,2014-03-31,10.456,9.95,10.456,9.873,31800.0,600335
2978,2014-04-01,9.911,10.315,10.322,9.758,45968.0,600335
2979,2014-04-02,10.245,10.149,10.296,10.065,29271.0,600335
2980,2014-04-03,10.149,10.04,10.251,9.924,31265.0,600335
2981,2014-04-04,9.976,10.129,10.142,9.918,30016.0,600335
2982,2014-04-08,10.059,10.315,10.437,9.982,44168.0,600335
2983,2014-04-09,10.36,10.476,10.488,10.245,40020.0,600335
2984,2014-04-10,10.444,11.521,11.521,10.341,102733.0,600335
2985,2014-04-11,11.54,11.796,12.059,11.463,141820.0,600335
2986,2014-04-14,11.604,11.482,11.963,11.437,98471.0,600335
2987,2014-04-15,11.514,11.463,11.662,11.168,71155.0,600335
2988,2014-04-16,11.412,11.341,11.598,11.271,55487.0,600335
2989,2014-04-17,11.54,11.533,11.86,11.347,94522.0,600335
2990,2014-04-18,11.405,11.437,11.527,11.053,89516.0,600335
2991,2014-04-21,11.226,10.706,11.476,10.706,90539.0,600335
2992,2014-04-22,10.732,10.29,10.803,10.149,82998.0,600335
2993,2014-04-23,10.283,9.995,10.29,9.854,53959.0,600335
2994,2014-04-24,9.95,9.937,10.091,9.873,36940.0,600335
2995,2014-04-25,9.924,9.174,9.969,9.11,78419.0,600335
2996,2014-04-28,9.181,9.155,9.27,8.924,36454.0,600335
2997,2014-04-29,9.168,9.296,9.424,9.104,43041.0,600335
2998,2014-04-30,9.302,9.354,9.392,9.251,31361.0,600335
2999,2014-05-05,9.36,9.277,9.392,9.104,39466.0,600335
3000,2014-05-06,9.264,9.482,9.54,9.232,46208.0,600335
3001,2014-05-07,9.411,9.488,9.822,9.309,73603.0,600335
3002,2014-05-08,9.296,9.373,9.706,9.193,57321.0,600335
3003,2014-05-09,9.392,9.027,9.424,9.001,39032.0,600335
3004,2014-05-12,9.161,9.405,9.456,9.11,42833.0,600335
3005,2014-05-13,9.495,9.347,9.591,9.29,33945.0,600335
3006,2014-05-14,9.392,9.193,9.405,9.181,25706.0,600335
3007,2014-05-15,9.193,8.854,9.193,8.847,30625.0,600335
3008,2014-05-16,8.847,8.892,8.937,8.655,31739.0,600335
3009,2014-05-19,8.898,8.757,8.898,8.655,20914.0,600335
3010,2014-05-20,8.879,8.982,9.046,8.815,31687.0,600335
3011,2014-05-21,8.975,9.142,9.161,8.802,34993.0,600335
3012,2014-05-22,9.123,9.052,9.219,9.046,29255.0,600335
3013,2014-05-23,9.123,9.227,9.24,9.0,18139.0,600335
3014,2014-05-26,9.292,9.617,9.643,9.292,69616.0,600335
3015,2014-05-27,9.63,9.519,9.63,9.5,30646.0,600335
3016,2014-05-28,9.519,9.643,9.656,9.519,31112.0,600335
3017,2014-05-29,9.656,9.286,9.656,9.273,41183.0,600335
3018,2014-05-30,9.253,9.377,9.461,9.234,28365.0,600335
3019,2014-06-03,9.377,9.545,9.74,9.338,50570.0,600335
3020,2014-06-04,9.48,9.539,9.61,9.48,33564.0,600335
3021,2014-06-05,9.545,9.597,9.61,9.474,32742.0,600335
3022,2014-06-06,9.61,9.416,9.649,9.37,24967.0,600335
3023,2014-06-09,9.403,9.312,9.506,9.299,23620.0,600335
3024,2014-06-10,9.344,9.357,9.429,9.312,37720.0,600335
3025,2014-06-11,9.377,9.279,9.377,9.188,33538.0,600335
3026,2014-06-12,9.279,9.273,9.351,9.156,23066.0,600335
3027,2014-06-13,9.273,9.662,9.721,9.221,87190.0,600335
3028,2014-06-16,9.604,9.714,9.838,9.565,71241.0,600335
3029,2014-06-17,9.675,9.519,9.727,9.493,45423.0,600335
3030,2014-06-18,9.578,9.493,9.643,9.48,27077.0,600335
3031,2014-06-19,9.48,9.221,9.565,8.993,40221.0,600335
3032,2014-06-20,9.188,9.305,9.344,9.058,16965.0,600335
3033,2014-06-23,9.318,9.409,9.416,9.227,28612.0,600335
3034,2014-06-24,9.344,9.338,9.455,9.266,22492.0,600335
3035,2014-06-25,9.299,9.493,9.571,9.24,31650.0,600335
3036,2014-06-26,9.519,9.591,9.649,9.435,33251.0,600335
3037,2014-06-27,9.571,9.935,10.039,9.461,82555.0,600335
3038,2014-06-30,9.929,10.201,10.312,9.864,72425.0,600335
3039,2014-07-01,10.208,10.416,10.578,10.091,76183.0,600335
3040,2014-07-02,10.39,10.266,10.455,10.097,47643.0,600335
3041,2014-07-03,10.266,10.448,10.467,10.201,55686.0,600335
3042,2014-07-04,10.422,10.162,10.474,10.084,48756.0,600335
3043,2014-07-07,10.169,10.039,10.234,10.0,30955.0,600335
3044,2014-07-08,10.006,10.364,10.377,9.922,49171.0,600335
3045,2014-07-09,10.318,10.565,11.182,10.279,166399.0,600335
3046,2014-07-10,10.688,10.558,11.032,10.539,105073.0,600335
3047,2014-07-11,10.571,10.422,10.623,10.292,60839.0,600335
3048,2014-07-14,10.448,10.929,11.019,10.442,87046.0,600335
3049,2014-07-15,10.883,10.682,10.883,10.617,59299.0,600335
3050,2014-07-16,10.649,10.214,10.844,10.169,66863.0,600335
3051,2014-07-17,10.182,10.026,10.26,9.883,38398.0,600335
3052,2014-07-18,9.98,10.097,10.305,9.922,43349.0,600335
3053,2014-07-21,10.032,9.857,10.214,9.792,46378.0,600335
3054,2014-07-22,9.76,10.188,10.292,9.76,51376.0,600335
3055,2014-07-23,10.182,9.974,10.195,9.877,37393.0,600335
3056,2014-07-24,9.935,10.078,10.13,9.825,23295.0,600335
3057,2014-07-25,10.078,10.0,10.078,9.942,26024.0,600335
3058,2014-07-28,10.032,10.201,10.312,10.013,57605.0,600335
3059,2014-07-29,10.201,10.409,10.422,10.13,59140.0,600335
3060,2014-07-30,10.39,10.266,10.39,10.182,44338.0,600335
3061,2014-07-31,10.273,10.234,10.357,10.11,56152.0,600335
3062,2014-08-01,10.149,10.058,10.201,10.052,39612.0,600335
3063,2014-08-04,10.065,10.487,10.506,10.065,77374.0,600335
3064,2014-08-05,10.487,10.448,10.513,10.292,46178.0,600335
3065,2014-08-06,10.519,10.649,10.857,10.519,129740.0,600335
3066,2014-08-07,10.851,11.383,11.493,10.851,286052.0,600335
3067,2014-08-08,10.961,11.013,11.273,10.909,211950.0,600335
3068,2014-08-11,10.974,11.071,11.091,10.877,98875.0,600335
3069,2014-08-12,11.039,10.974,11.156,10.929,79136.0,600335
3070,2014-08-13,10.948,10.877,10.961,10.721,69178.0,600335
3071,2014-08-14,10.877,10.857,11.136,10.792,78529.0,600335
3072,2014-08-15,10.857,10.929,11.013,10.857,46923.0,600335
3073,2014-08-18,10.935,11.019,11.026,10.76,79092.0,600335
3074,2014-08-19,11.058,11.162,11.357,11.019,122642.0,600335
3075,2014-08-20,11.11,11.266,11.467,11.11,141384.0,600335
3076,2014-08-21,11.299,11.201,11.312,11.149,81736.0,600335
3077,2014-08-22,11.032,11.065,11.182,10.942,71857.0,600335
3078,2014-08-25,11.065,10.942,11.065,10.825,65646.0,600335
3079,2014-08-26,10.935,10.675,11.013,10.649,51952.0,600335
3080,2014-08-27,10.682,11.117,11.136,10.526,96139.0,600335
3081,2014-08-28,11.091,10.896,11.104,10.883,46420.0,600335
3082,2014-08-29,10.987,11.227,11.292,10.851,79664.0,600335
3083,2014-09-01,11.234,11.266,11.292,11.117,75437.0,600335
3084,2014-09-02,11.279,11.325,11.344,11.162,113790.0,600335
3085,2014-09-03,11.377,11.331,11.48,11.201,102399.0,600335
3086,2014-09-04,11.305,11.292,11.461,11.208,81548.0,600335
3087,2014-09-05,11.305,11.182,11.37,11.117,75942.0,600335
3088,2014-09-09,11.201,11.24,11.299,11.065,105330.0,600335
3089,2014-09-10,11.227,11.032,11.227,10.916,102084.0,600335
3090,2014-09-11,11.0,10.967,11.149,10.922,90182.0,600335
3091,2014-09-12,10.929,11.052,11.052,10.864,44812.0,600335
3092,2014-09-15,11.045,11.182,11.188,10.987,67071.0,600335
3093,2014-09-16,11.188,10.682,11.208,10.597,70812.0,600335
3094,2014-09-17,10.675,10.851,10.87,10.584,55286.0,600335
3095,2014-09-18,10.825,10.695,10.825,10.604,60074.0,600335
3096,2014-09-19,10.701,10.883,10.961,10.695,50136.0,600335
3097,2014-09-22,10.909,10.929,11.019,10.779,57772.0,600335
3098,2014-09-23,10.883,10.883,10.929,10.747,59598.0,600335
3099,2014-09-24,10.857,10.955,11.013,10.747,79471.0,600335
3100,2014-09-25,10.98,10.89,11.058,10.877,67250.0,600335
3101,2014-09-26,10.89,10.864,11.032,10.773,60761.0,600335
3102,2014-09-29,10.877,11.149,11.175,10.864,100317.0,600335
3103,2014-09-30,11.162,11.143,11.169,11.071,54723.0,600335
3104,2014-10-08,11.234,11.552,11.597,11.234,132940.0,600335
3105,2014-10-09,11.571,11.656,11.74,11.318,118240.0,600335
3106,2014-10-10,11.578,11.396,11.649,11.364,72574.0,600335
3107,2014-10-13,11.364,11.123,11.364,10.929,70304.0,600335
3108,2014-10-14,11.104,10.929,11.104,10.883,60648.0,600335
3109,2014-10-15,10.942,11.006,11.019,10.877,40790.0,600335
3110,2014-10-16,10.929,10.909,11.065,10.857,49443.0,600335
3111,2014-10-17,10.942,11.052,11.123,10.799,68279.0,600335
3112,2014-10-20,11.097,11.143,11.26,11.0,61008.0,600335
3113,2014-10-21,11.117,10.825,11.234,10.812,57642.0,600335
3114,2014-10-22,10.805,10.669,10.89,10.636,60266.0,600335
3115,2014-10-23,10.662,10.695,10.773,10.532,35507.0,600335
3116,2014-10-24,10.675,10.714,10.831,10.643,26915.0,600335
3117,2014-10-27,10.708,10.734,10.825,10.649,20897.0,600335
3118,2014-10-28,10.812,11.273,11.351,10.792,124509.0,600335
3119,2014-10-29,11.286,11.461,11.662,11.273,133571.0,600335
3120,2014-10-30,11.461,11.467,11.636,11.37,105716.0,600335
3121,2014-10-31,11.467,11.558,11.591,11.312,70430.0,600335
3122,2014-11-03,11.558,11.766,11.799,11.422,87745.0,600335
3123,2014-11-04,11.779,11.474,11.805,11.422,66541.0,600335
3124,2014-11-05,11.48,11.455,11.506,11.331,40595.0,600335
3125,2014-11-06,11.461,11.344,11.487,11.156,52335.0,600335
3126,2014-11-07,11.305,11.422,11.571,11.273,71064.0,600335
3127,2014-11-10,11.493,11.604,11.656,11.377,62459.0,600335
3128,2014-11-11,11.688,11.331,11.753,11.097,55291.0,600335
3129,2014-11-12,11.305,11.539,11.623,11.299,51731.0,600335
3130,2014-11-13,11.584,12.11,12.467,11.526,191667.0,600335
3131,2014-11-14,12.136,12.052,12.429,11.922,101271.0,600335
3132,2014-11-17,12.11,12.13,12.39,11.948,67094.0,600335
3133,2014-11-18,12.143,12.519,12.584,12.039,105462.0,600335
3134,2014-11-19,12.474,12.442,12.649,12.286,78199.0,600335
3135,2014-11-20,12.292,11.993,12.312,11.948,56439.0,600335
3136,2014-11-21,12.019,12.662,12.857,12.019,96595.0,600335
3137,2014-11-24,12.818,12.773,12.903,12.467,88919.0,600335
3138,2014-11-25,12.773,12.87,13.11,12.636,87615.0,600335
3139,2014-11-26,12.916,12.974,13.026,12.682,69304.0,600335
3140,2014-11-27,12.987,13.558,13.779,12.98,128488.0,600335
3141,2014-11-28,13.383,13.325,13.883,13.182,75019.0,600335
3142,2014-12-01,13.214,12.974,13.325,12.838,85560.0,600335
3143,2014-12-02,12.974,13.591,13.701,12.883,87189.0,600335
3144,2014-12-03,13.513,13.799,13.941,12.993,85707.0,600335
3145,2014-12-04,13.818,13.812,13.87,13.37,90716.0,600335
3146,2014-12-05,13.578,13.201,13.721,12.532,83044.0,600335
3147,2014-12-08,13.019,12.864,13.214,12.63,101921.0,600335
3148,2014-12-09,12.805,12.026,12.805,11.929,108870.0,600335
3149,2014-12-10,12.026,12.325,12.591,11.818,61926.0,600335
3150,2014-12-11,12.188,12.734,12.792,12.156,58697.0,600335
3151,2014-12-12,12.727,12.909,12.987,12.656,50799.0,600335
3152,2014-12-15,12.929,12.89,13.123,12.825,46780.0,600335
3153,2014-12-16,12.916,12.929,13.37,12.727,88660.0,600335
3154,2014-12-17,12.812,12.61,12.89,12.253,62912.0,600335
3155,2014-12-18,12.519,12.318,12.721,12.26,52163.0,600335
3156,2014-12-19,12.403,12.078,12.526,11.825,53369.0,600335
3157,2014-12-22,11.838,11.669,12.071,11.377,50939.0,600335
3158,2014-12-23,11.623,11.656,11.903,11.442,39584.0,600335
3159,2014-12-24,11.773,12.039,12.078,11.695,33052.0,600335
3160,2014-12-25,12.045,12.058,12.24,12.0,29520.0,600335
3161,2014-12-26,12.11,12.318,12.351,12.039,28885.0,600335
3162,2014-12-29,12.292,12.266,12.442,12.143,29675.0,600335
3163,2014-12-30,12.149,11.636,12.312,11.24,56448.0,600335
3164,2014-12-31,11.617,11.643,11.721,10.98,102222.0,600335
3165,2015-01-05,11.552,12.805,12.805,11.448,88799.0,600335
3166,2015-01-06,12.838,12.675,13.39,12.649,105536.0,600335
3167,2015-01-07,12.604,13.195,13.636,12.37,97866.0,600335
3168,2015-01-08,13.532,13.422,13.896,12.851,101145.0,600335
3169,2015-01-09,13.377,13.234,13.734,13.123,55674.0,600335
3170,2015-01-12,13.149,13.37,13.825,13.019,50609.0,600335
3171,2015-01-13,13.396,13.493,13.792,13.234,32328.0,600335
3172,2015-01-14,13.506,13.182,13.623,13.032,28871.0,600335
3173,2015-01-15,13.182,13.227,13.409,13.117,29723.0,600335
3174,2015-01-16,13.299,13.578,13.597,13.058,47449.0,600335
3175,2015-01-19,13.247,12.812,13.37,12.662,47465.0,600335
3176,2015-01-20,12.89,13.091,13.169,12.877,65976.0,600335
3177,2015-01-21,13.058,14.403,14.403,13.039,129541.0,600335
3178,2015-01-22,14.916,14.461,14.935,14.058,101585.0,600335
3179,2015-01-23,14.416,14.208,14.416,14.006,54061.0,600335
3180,2015-01-26,14.286,14.779,14.935,14.208,73132.0,600335
3181,2015-01-27,14.74,14.896,15.377,14.708,74716.0,600335
3182,2015-01-28,14.773,14.292,14.831,14.227,51044.0,600335
3183,2015-01-29,14.097,14.169,14.201,13.967,32565.0,600335
3184,2015-01-30,14.123,14.448,14.805,14.084,48701.0,600335
3185,2015-02-02,14.253,14.032,14.253,13.844,35186.0,600335
3186,2015-02-03,14.175,14.13,14.266,13.766,42750.0,600335
3187,2015-02-04,14.208,14.247,14.338,13.974,30158.0,600335
3188,2015-02-05,14.429,13.805,14.429,13.786,44242.0,600335
3189,2015-02-06,13.792,13.182,13.818,13.136,44899.0,600335
3190,2015-02-09,13.305,13.286,13.571,13.117,22539.0,600335
3191,2015-02-10,13.377,13.493,13.571,13.247,21425.0,600335
3192,2015-02-11,13.552,13.39,13.552,13.188,27882.0,600335
3193,2015-02-12,13.39,13.513,13.831,13.169,35117.0,600335
3194,2015-02-13,13.539,13.734,13.993,13.539,46465.0,600335
3195,2015-02-16,13.831,14.013,14.045,13.682,31040.0,600335
3196,2015-02-17,14.013,14.078,14.396,13.896,28997.0,600335
3197,2015-02-25,14.104,13.98,14.26,13.61,38817.0,600335
3198,2015-02-26,13.961,13.864,14.026,13.636,39227.0,600335
3199,2015-02-27,13.864,14.305,14.357,13.844,54511.0,600335
3200,2015-03-02,14.416,14.383,14.63,14.169,69391.0,600335
3201,2015-03-03,14.383,14.448,14.571,14.208,40126.0,600335
3202,2015-03-04,14.351,14.727,14.76,14.351,45553.0,600335
3203,2015-03-05,14.734,14.532,14.903,14.422,40647.0,600335
3204,2015-03-06,14.429,14.344,14.74,14.097,50092.0,600335
3205,2015-03-09,14.292,14.487,14.61,14.065,52615.0,600335
3206,2015-03-10,14.461,14.273,14.545,14.227,32227.0,600335
3207,2015-03-11,14.351,14.441,14.63,14.221,48947.0,600335
3208,2015-03-12,14.227,13.747,14.429,13.636,105026.0,600335
3209,2015-03-13,13.831,14.188,14.597,13.766,80373.0,600335
3210,2015-03-16,14.097,14.799,14.838,14.097,94045.0,600335
3211,2015-03-17,14.903,14.993,15.117,14.747,92241.0,600335
3212,2015-03-18,14.993,15.331,15.597,14.844,77884.0,600335
3213,2015-03-19,15.331,15.416,15.454,15.136,60337.0,600335
3214,2015-03-20,15.812,15.604,16.234,15.506,97763.0,600335
3215,2015-03-23,15.552,15.903,16.169,15.461,66504.0,600335
3216,2015-03-24,15.851,15.74,15.903,15.162,74252.0,600335
3217,2015-03-25,15.779,15.799,16.169,15.584,67333.0,600335
3218,2015-03-26,15.831,15.474,15.954,15.377,51264.0,600335
3219,2015-03-27,15.539,15.61,15.766,15.454,42767.22,600335
3220,2015-03-30,15.636,16.182,16.428,15.636,72448.0,600335
3221,2015-03-31,16.188,16.662,16.87,15.786,101097.0,600335
3222,2015-04-01,16.656,16.948,17.331,16.526,79464.0,600335
3223,2015-04-02,16.961,17.643,17.883,16.844,72896.0,600335
3224,2015-04-03,17.552,17.766,17.838,17.208,60131.0,600335
3225,2015-04-07,17.792,18.76,19.506,17.792,108442.0,600335
3226,2015-04-08,18.727,18.883,19.506,18.279,78949.0,600335
3227,2015-04-09,18.961,18.747,19.344,17.922,62718.0,600335
3228,2015-04-10,18.604,19.026,19.273,18.351,48398.0,600335
3229,2015-04-13,19.084,18.786,19.084,18.506,63904.0,600335
3230,2015-04-14,18.701,18.526,18.701,18.221,74996.0,600335
3231,2015-04-15,18.487,18.195,18.493,17.961,57654.0,600335
3232,2015-04-16,17.734,17.747,18.422,17.078,58125.0,600335
3233,2015-04-17,18.039,18.597,19.519,17.89,118966.0,600335
3234,2015-04-20,18.591,17.792,18.591,17.467,66929.0,600335
3235,2015-04-21,17.747,18.325,18.506,17.682,62774.0,600335
3236,2015-04-22,18.422,18.623,18.883,18.156,78334.0,600335
3237,2015-04-23,18.753,18.708,18.961,18.454,61472.0,600335
3238,2015-04-24,18.37,18.214,18.727,17.896,67468.0,600335
3239,2015-04-27,18.299,18.766,19.013,18.162,90769.0,600335
3240,2015-04-28,18.766,17.954,19.11,17.76,71527.0,600335
3241,2015-04-29,17.98,17.928,18.149,17.48,48662.0,600335
3242,2015-04-30,17.928,18.182,18.558,17.857,42610.0,600335
3243,2015-05-04,18.474,18.896,19.006,18.266,102617.0,600335
3244,2015-05-05,18.864,19.409,20.136,18.506,128974.0,600335
3245,2015-05-06,19.409,19.506,19.902,19.162,86545.0,600335
3246,2015-05-07,19.292,18.799,19.5,18.201,59095.0,600335
3247,2015-05-08,19.019,19.006,19.234,18.39,47026.0,600335
3248,2015-05-11,19.123,20.649,20.909,18.604,132576.0,600335
3249,2015-05-12,20.519,20.675,20.902,19.864,102434.0,600335
3250,2015-05-13,20.649,20.766,21.604,20.389,85298.0,600335
3251,2015-05-14,21.104,20.454,21.156,20.435,53403.0,600335
3252,2015-05-15,20.149,19.805,20.188,19.026,85755.0,600335
3253,2015-05-18,19.37,19.961,20.201,19.37,66142.0,600335
3254,2015-05-19,19.87,19.883,20.097,19.604,53662.0,600335
3255,2015-05-20,19.935,20.383,20.701,19.552,92409.0,600335
3256,2015-05-21,20.383,20.591,20.61,19.812,73868.0,600335
3257,2015-05-22,20.727,20.409,21.104,20.136,79661.0,600335
3258,2015-05-25,20.448,21.493,21.727,20.143,169663.0,600335
3259,2015-05-26,21.364,21.604,21.74,21.175,109788.0,600335
3260,2015-05-27,21.623,22.721,23.117,21.11,127403.0,600335
3261,2015-05-28,22.721,20.688,23.032,20.448,125361.0,600335
3262,2015-05-29,20.136,20.195,21.11,19.727,90905.0,600335
3263,2015-06-01,20.24,20.87,21.221,20.227,101487.0,600335
3264,2015-06-02,20.967,22.318,22.5,20.967,105031.0,600335
3265,2015-06-03,22.662,22.312,22.902,21.623,97584.0,600335
3266,2015-06-04,22.357,22.104,22.597,20.454,68498.0,600335
3267,2015-06-05,22.662,22.734,22.844,22.13,100718.0,600335
3268,2015-06-08,23.045,22.662,23.247,22.11,92968.0,600335
3269,2015-06-09,22.402,21.597,22.863,20.902,109754.0,600335
3270,2015-06-10,21.61,21.831,22.162,20.974,71254.0,600335
3271,2015-06-11,21.844,22.389,22.402,21.331,75748.0,600335
3272,2015-06-12,22.467,24.63,24.63,22.467,187938.0,600335
3273,2015-07-21,22.169,22.169,22.169,22.169,8601.0,600335
3274,2015-07-22,19.954,19.954,19.954,19.954,7864.0,600335
3275,2015-07-23,17.987,19.222,19.863,17.987,435889.0,600335
3276,2015-07-24,18.81,18.255,19.046,18.137,279322.0,600335
3277,2015-07-27,17.641,16.431,17.765,16.431,225432.0,600335
3278,2015-07-28,15.033,15.131,16.02,14.791,257471.0,600335
3279,2015-07-29,15.386,15.967,16.02,14.242,147110.0,600335
3280,2015-07-30,15.556,14.582,15.935,14.379,129615.0,600335
3281,2015-07-31,14.314,15.562,15.634,14.314,137068.0,600335
3282,2015-08-03,15.36,15.765,15.81,14.889,131107.0,600335
3283,2015-08-04,15.804,16.366,16.516,15.627,123691.0,600335
3284,2015-08-05,16.131,15.608,16.275,15.556,110752.0,600335
3285,2015-08-06,15.726,15.928,16.34,15.543,113612.0,600335
3286,2015-08-07,16.078,16.216,16.307,15.712,111355.0,600335
3287,2015-08-10,16.268,17.0,17.19,16.268,154042.0,600335
3288,2015-08-11,17.157,17.157,17.98,16.863,149713.0,600335
3289,2015-08-12,16.797,16.641,17.353,16.601,100099.0,600335
3290,2015-08-13,16.15,16.915,17.026,16.15,86275.0,600335
3291,2015-08-14,16.667,16.582,16.915,16.373,119733.0,600335
3292,2015-08-17,16.654,18.242,18.242,16.654,213620.0,600335
3293,2015-08-18,18.719,17.373,19.935,16.797,362090.0,600335
3294,2015-08-19,16.471,18.059,18.543,15.634,180987.0,600335
3295,2015-08-20,17.621,16.255,17.837,16.255,116109.0,600335
3296,2015-08-21,15.686,14.634,16.209,14.627,95431.0,600335
3297,2015-08-24,13.726,13.17,13.922,13.17,136851.0,600335
3298,2015-08-25,11.928,11.856,12.386,11.856,162280.0,600335
3299,2015-08-26,11.765,11.007,12.405,10.85,92653.0,600335
3300,2015-08-27,11.503,11.386,11.543,10.464,109541.0,600335
3301,2015-08-28,11.51,12.36,12.386,11.209,134323.0,600335
3302,2015-08-31,12.177,11.268,12.177,11.183,97800.0,600335
3303,2015-09-01,11.261,10.144,11.261,10.144,124343.0,600335
3304,2015-09-02,9.804,10.34,10.458,9.131,104630.0,600335
3305,2015-09-07,10.163,10.464,10.876,10.144,66590.0,600335
3306,2015-09-08,10.261,10.843,10.961,10.248,55724.0,600335
3307,2015-09-09,10.935,11.301,11.418,10.641,93453.0,600335
3308,2015-09-10,11.046,10.967,11.438,10.915,64143.0,600335
3309,2015-09-11,11.046,10.967,11.17,10.784,42169.0,600335
3310,2015-09-14,11.242,9.882,11.34,9.869,74338.0,600335
3311,2015-09-15,9.673,9.15,10.039,9.092,47565.0,600335
3312,2015-09-16,9.183,10.065,10.065,9.183,79188.0,600335
3313,2015-09-17,10.111,10.196,10.902,10.078,103285.0,600335
3314,2015-09-18,10.19,10.386,10.418,10.065,53299.0,600335
3315,2015-09-21,10.203,10.85,10.869,10.196,50467.0,600335
3316,2015-09-22,10.863,10.706,10.948,10.425,65860.0,600335
3317,2015-09-23,10.458,10.366,10.686,10.327,50895.0,600335
3318,2015-09-24,10.464,10.405,10.575,10.248,45724.0,600335
3319,2015-09-25,10.405,9.889,10.543,9.804,45577.0,600335
3320,2015-09-28,9.889,10.098,10.19,9.804,40621.0,600335
3321,2015-09-29,9.909,9.882,10.0,9.817,21136.0,600335
3322,2015-09-30,10.072,9.784,10.131,9.752,52310.0,600335
3323,2015-10-08,10.131,10.255,10.327,10.039,71551.0,600335
3324,2015-10-09,10.261,10.601,10.621,10.163,80227.0,600335
3325,2015-10-12,10.699,10.967,11.405,10.641,155652.0,600335
3326,2015-10-13,10.967,11.588,11.634,10.824,275239.0,600335
3327,2015-10-14,11.438,11.203,11.575,11.144,180636.0,600335
3328,2015-10-15,11.078,11.497,11.516,11.078,190427.0,600335
3329,2015-10-16,11.699,11.654,12.007,11.36,205332.0,600335
3330,2015-10-19,11.699,11.418,11.732,11.196,208342.0,600335
3331,2015-10-20,11.379,11.549,11.621,11.248,154569.0,600335
3332,2015-10-21,11.699,10.752,12.0,10.444,244313.0,600335
3333,2015-10-22,10.745,11.157,11.255,10.608,137587.0,600335
3334,2015-10-23,11.431,11.556,11.66,11.36,186760.0,600335
3335,2015-10-26,11.778,11.758,11.993,11.543,198748.0,600335
3336,2015-10-27,11.797,12.327,12.471,11.386,231489.0,600335
3337,2015-10-28,11.895,11.556,11.961,11.51,225217.0,600335
3338,2015-10-29,11.569,11.392,11.641,11.229,119462.0,600335
3339,2015-10-30,11.36,11.229,11.471,11.15,82396.0,600335
3340,2015-11-02,10.993,10.837,11.294,10.784,99123.0,600335
3341,2015-11-03,10.882,10.778,10.987,10.464,66369.0,600335
3342,2015-11-04,10.817,11.36,11.366,10.817,115338.0,600335
3343,2015-11-05,11.444,11.529,11.745,11.261,158330.0,600335
3344,2015-11-06,11.562,11.784,11.817,11.471,159198.0,600335
3345,2015-11-09,11.712,11.987,12.059,11.647,186164.0,600335
3346,2015-11-10,11.895,12.333,12.549,11.732,208367.0,600335
3347,2015-11-11,12.157,12.549,12.726,12.118,202689.0,600335
3348,2015-11-12,12.627,12.255,12.627,12.157,147213.0,600335
3349,2015-11-13,12.124,12.013,12.248,11.797,116646.0,600335
3350,2015-11-16,11.797,12.373,12.386,11.778,111168.0,600335
3351,2015-11-17,12.51,12.222,12.549,12.111,133675.0,600335
3352,2015-11-18,12.222,11.987,12.32,11.902,78872.0,600335
3353,2015-11-19,12.026,12.346,12.366,11.961,85382.0,600335
3354,2015-11-20,12.366,12.34,12.543,12.255,109367.0,600335
3355,2015-11-23,12.268,12.19,12.458,12.157,95502.0,600335
3356,2015-11-24,12.216,12.144,12.216,11.856,113664.0,600335
3357,2015-11-25,12.092,12.301,12.314,11.993,94831.0,600335
3358,2015-11-26,12.386,12.641,12.837,12.294,203321.0,600335
3359,2015-11-27,12.562,11.804,13.0,11.444,183162.0,600335
3360,2015-11-30,11.843,11.667,12.026,11.17,103289.0,600335
3361,2015-12-01,11.771,11.758,11.824,11.36,79840.0,600335
3362,2015-12-02,11.745,11.935,12.02,11.444,96343.0,600335
3363,2015-12-03,12.092,12.124,12.144,11.863,83058.0,600335
3364,2015-12-04,12.046,11.771,12.118,11.627,85352.0,600335
3365,2015-12-07,11.778,11.935,11.987,11.614,62556.0,600335
3366,2015-12-08,11.895,12.412,12.778,11.797,235065.0,600335
3367,2015-12-09,12.248,13.0,13.157,12.078,217240.0,600335
3368,2015-12-10,12.771,12.647,13.065,12.536,148385.0,600335
3369,2015-12-11,12.569,12.503,12.889,12.438,100594.0,600335
3370,2015-12-14,12.373,12.706,12.732,12.039,100316.0,600335
3371,2015-12-15,12.693,12.895,12.98,12.49,134236.0,600335
3372,2015-12-16,12.915,12.614,13.059,12.536,103685.0,600335
3373,2015-12-17,12.68,13.373,13.399,12.556,198620.0,600335
3374,2015-12-18,13.17,13.065,13.314,12.948,135801.0,600335
3375,2015-12-21,13.065,13.196,13.431,12.941,113315.0,600335
3376,2015-12-22,13.405,13.092,13.529,12.967,128994.0,600335
3377,2015-12-23,13.098,12.667,13.124,12.575,149117.0,600335
3378,2015-12-24,12.621,12.771,12.876,12.497,92920.0,600335
3379,2015-12-25,12.771,12.673,12.791,12.556,79827.0,600335
3380,2015-12-28,12.706,12.131,12.856,12.105,99189.0,600335
3381,2015-12-29,12.17,12.386,12.451,12.092,72396.0,600335
3382,2015-12-30,12.438,12.575,12.745,12.405,79377.0,600335
3383,2015-12-31,12.673,12.248,12.68,12.222,62673.0,600335
3384,2016-01-04,12.19,11.039,12.281,11.026,72289.0,600335
3385,2016-01-05,10.379,10.967,11.222,10.333,96319.0,600335
3386,2016-01-06,10.974,11.124,11.209,10.791,67995.0,600335
3387,2016-01-07,10.98,10.02,10.98,10.013,24288.0,600335
3388,2016-01-08,10.261,9.98,10.392,9.477,116188.0,600335
3389,2016-01-11,9.771,8.98,9.817,8.98,104809.0,600335
3390,2016-01-12,9.072,9.046,9.248,8.758,82452.0,600335
3391,2016-01-13,9.098,8.601,9.248,8.569,91828.0,600335
3392,2016-01-14,8.275,8.817,8.915,8.209,82810.0,600335
3393,2016-01-15,8.68,8.268,8.804,8.17,70007.0,600335
3394,2016-01-18,8.105,8.438,8.601,8.085,59572.0,600335
3395,2016-01-19,8.431,8.81,8.863,8.34,79423.0,600335
3396,2016-01-20,8.791,8.922,9.072,8.66,122241.0,600335
3397,2016-01-21,8.758,8.575,8.974,8.569,60648.0,600335
3398,2016-01-22,8.686,8.778,8.791,8.405,47789.0,600335
3399,2016-01-25,8.85,8.863,8.961,8.739,49465.0,600335
3400,2016-01-26,8.745,7.974,8.771,7.974,74185.0,600335
3401,2016-01-27,8.039,7.745,8.046,7.373,95462.0,600335
3402,2016-01-28,7.621,7.36,7.732,7.301,62036.0,600335
3403,2016-01-29,7.353,7.778,7.974,7.346,65558.0,600335
3404,2016-02-01,7.771,8.007,8.098,7.627,95656.0,600335
3405,2016-02-02,7.954,8.281,8.36,7.954,68552.0,600335
3406,2016-02-03,8.092,8.275,8.34,8.007,46794.0,600335
3407,2016-02-04,8.261,8.366,8.523,8.229,48790.0,600335
3408,2016-02-05,8.333,8.17,8.444,8.137,28481.0,600335
3409,2016-02-15,7.817,8.301,8.346,7.81,40978.0,600335
3410,2016-02-16,8.314,8.778,8.928,8.314,76922.0,600335
3411,2016-02-17,8.758,8.856,8.902,8.654,69342.0,600335
3412,2016-02-18,8.922,8.778,8.993,8.719,48985.0,600335
3413,2016-02-19,8.771,9.092,9.144,8.699,75439.0,600335
3414,2016-02-22,9.203,9.281,9.314,9.013,69282.0,600335
3415,2016-02-23,9.268,9.092,9.268,8.909,48472.0,600335
3416,2016-02-24,9.02,9.438,9.458,8.948,68699.0,600335
3417,2016-02-25,9.51,8.497,9.575,8.497,86768.0,600335
3418,2016-02-26,8.569,8.686,8.902,8.464,73012.0,600335
3419,2016-02-29,8.693,8.118,8.693,7.915,54056.0,600335
3420,2016-03-01,8.144,8.209,8.288,7.994,44563.0,600335
3421,2016-03-02,8.222,8.784,8.817,8.203,68097.0,600335
3422,2016-03-03,8.791,8.81,9.007,8.771,53572.0,600335
3423,2016-03-04,8.961,8.732,9.118,8.608,60126.0,600335
3424,2016-03-07,8.824,8.909,9.072,8.81,40130.0,600335
3425,2016-03-08,8.83,8.739,8.961,8.379,64868.0,600335
3426,2016-03-09,8.536,8.49,8.667,8.386,39198.0,600335
3427,2016-03-10,8.497,8.235,8.569,8.19,36372.0,600335
3428,2016-03-11,8.235,8.242,8.333,8.078,25967.0,600335
3429,2016-03-14,8.36,8.575,8.667,8.314,44624.0,600335
3430,2016-03-15,8.549,8.569,8.68,8.503,34078.0,600335
3431,2016-03-16,9.144,8.575,9.144,8.556,38966.0,600335
3432,2016-03-17,8.608,8.81,8.856,8.556,51084.0,600335
3433,2016-03-18,8.791,9.288,9.301,8.771,103745.0,600335
3434,2016-03-21,9.32,9.412,9.464,9.242,97454.0,600335
3435,2016-03-22,9.314,9.314,9.405,9.248,57367.0,600335
3436,2016-03-23,9.32,9.778,9.804,9.281,120968.0,600335
3437,2016-03-24,9.673,9.739,10.124,9.503,125225.0,600335
3438,2016-03-25,9.673,9.706,9.797,9.543,61486.0,600335
3439,2016-03-28,9.745,9.693,10.131,9.621,59042.0,600335
3440,2016-03-29,9.784,9.562,9.791,9.327,50951.0,600335
3441,2016-03-30,9.641,10.059,10.111,9.575,75335.0,600335
3442,2016-03-31,10.124,10.431,10.49,9.052,108607.0,600335
3443,2016-04-01,10.392,10.843,10.895,10.327,132761.0,600335
3444,2016-04-05,11.111,11.052,11.379,10.712,151444.0,600335
3445,2016-04-06,11.013,10.81,11.013,10.68,89643.0,600335
3446,2016-04-07,10.909,10.503,10.909,10.431,77806.0,600335
3447,2016-04-08,10.425,10.719,10.739,10.288,68643.0,600335
3448,2016-04-11,10.726,10.928,11.046,10.726,66914.0,600335
3449,2016-04-12,10.961,10.778,10.98,10.588,40042.0,600335
3450,2016-04-13,10.902,10.935,11.013,10.778,47084.0,600335
3451,2016-04-14,11.177,10.922,11.294,10.882,55578.0,600335
3452,2016-04-15,10.993,10.81,11.039,10.719,42629.0,600335
3453,2016-04-18,10.641,10.784,10.915,10.582,31017.0,600335
3454,2016-04-19,10.889,10.739,10.987,10.523,29306.0,600335
3455,2016-04-20,10.771,11.464,11.765,10.497,210318.0,600335
3456,2016-04-21,11.157,12.033,12.288,11.111,168374.0,600335
3457,2016-04-22,11.634,11.726,11.987,11.438,79992.0,600335
3458,2016-04-25,11.556,12.02,12.294,11.268,97184.0,600335
3459,2016-04-26,11.837,12.294,12.556,11.765,90155.0,600335
3460,2016-04-27,12.275,12.203,12.516,12.02,68683.0,600335
3461,2016-04-28,12.098,12.046,12.261,11.627,50264.0,600335
3462,2016-04-29,11.902,11.876,12.092,11.83,27212.0,600335
3463,2016-05-03,11.83,12.111,12.288,11.824,41482.0,600335
3464,2016-05-04,12.092,11.843,12.157,11.569,48155.0,600335
3465,2016-05-05,11.726,11.928,12.026,11.726,31729.0,600335
3466,2016-05-06,11.889,11.235,12.052,11.203,49920.0,600335
3467,2016-05-09,11.229,11.379,11.503,10.85,47374.0,600335
3468,2016-05-10,11.222,11.131,11.373,10.784,38915.0,600335
3469,2016-05-11,11.216,11.216,11.484,10.915,32733.0,600335
3470,2016-05-12,11.118,11.157,11.177,10.536,25546.0,600335
3471,2016-05-13,11.111,11.667,11.693,10.928,59363.0,600335
3472,2016-05-16,11.595,11.784,11.843,11.366,61241.0,600335
3473,2016-05-17,11.817,11.137,11.817,10.974,77498.0,600335
3474,2016-05-18,10.98,11.288,11.412,10.922,79236.0,600335
3475,2016-05-19,11.222,11.17,11.34,11.046,27489.0,600335
3476,2016-05-20,11.16,11.733,11.822,11.111,50828.0,600335
3477,2016-05-23,11.723,12.029,12.394,11.476,134384.0,600335
3478,2016-05-24,12.029,12.088,12.256,11.743,85569.0,600335
3479,2016-05-25,12.078,11.92,12.227,11.812,48164.0,600335
3480,2016-05-26,11.861,11.693,11.94,11.308,65013.0,600335
3481,2016-05-27,11.713,11.644,11.95,11.506,39063.0,600335
3482,2016-05-30,11.555,11.911,12.049,11.377,78466.0,600335
3483,2016-05-31,12.049,12.286,12.325,11.901,244542.0,600335
3484,2016-06-01,12.187,12.128,12.197,12.009,157640.0,600335
3485,2016-06-02,12.049,11.94,12.148,11.851,102712.0,600335
3486,2016-06-03,11.97,11.585,11.99,11.506,152163.0,600335
3487,2016-06-06,11.624,11.496,11.654,11.367,96222.0,600335
3488,2016-06-07,11.476,11.535,11.634,11.476,65153.0,600335
3489,2016-06-08,11.535,11.387,11.565,11.338,62126.0,600335
3490,2016-06-13,11.338,10.864,11.535,10.844,91608.0,600335
3491,2016-06-14,10.864,10.804,11.012,10.597,47960.0,600335
3492,2016-06-15,10.617,11.051,11.239,10.607,94475.0,600335
3493,2016-06-16,11.071,10.735,11.091,10.676,78615.0,600335
3494,2016-06-17,10.716,10.982,10.992,10.696,78207.0,600335
3495,2016-06-20,10.874,10.824,10.972,10.745,58277.0,600335
3496,2016-06-21,10.953,11.012,11.278,10.883,82019.0,600335
3497,2016-06-22,10.893,11.16,11.209,10.844,56054.0,600335
3498,2016-06-23,11.249,11.022,11.249,10.982,39833.0,600335
3499,2016-06-24,11.041,10.795,11.219,10.617,57225.0,600335
3500,2016-06-27,10.745,11.012,11.16,10.716,63982.0,600335
3501,2016-06-28,10.992,11.071,11.12,10.913,44484.0,600335
3502,2016-06-29,11.071,11.101,11.229,11.032,47877.0,600335
3503,2016-06-30,11.111,11.071,11.16,10.913,51798.0,600335
3504,2016-07-01,11.061,11.288,11.397,10.992,83672.0,600335
3505,2016-07-04,11.239,11.407,11.476,11.13,93507.0,600335
3506,2016-07-05,11.417,11.348,11.417,11.259,60101.0,600335
3507,2016-07-06,11.269,11.288,11.328,11.19,48602.0,600335
3508,2016-07-07,11.209,11.466,11.476,11.209,75014.0,600335
3509,2016-07-08,11.506,11.377,11.535,11.367,40114.0,600335
3510,2016-07-11,11.357,11.269,11.436,11.229,95680.0,600335
3511,2016-07-12,11.259,11.269,11.298,11.12,111305.0,600335
3512,2016-07-13,11.357,11.683,11.812,11.348,156458.0,600335
3513,2016-07-14,11.752,11.851,12.227,11.752,190820.0,600335
3514,2016-07-15,11.861,11.743,11.891,11.594,79185.0,600335
3515,2016-07-18,11.654,11.486,11.703,11.427,94058.0,600335
3516,2016-07-19,11.407,11.496,11.604,11.308,79048.0,600335
3517,2016-07-20,11.466,11.436,11.525,11.377,63774.0,600335
3518,2016-07-21,11.377,11.664,11.683,11.377,101238.0,600335
3519,2016-07-22,11.644,11.269,11.772,11.239,161770.0,600335
3520,2016-07-25,11.111,12.049,12.049,11.111,226075.0,600335
3521,2016-07-26,12.039,11.97,12.039,11.802,133017.0,600335
3522,2016-07-27,11.98,11.99,12.108,11.357,154032.0,600335
3523,2016-07-28,11.97,12.473,12.493,11.752,331924.0,600335
3524,2016-07-29,12.355,12.118,12.829,12.069,286472.0,600335
3525,2016-08-01,11.95,11.585,12.059,11.476,147737.0,600335
3526,2016-08-02,11.604,11.95,11.999,11.604,91978.0,600335
3527,2016-08-03,11.911,12.325,12.552,11.762,159806.0,600335
3528,2016-08-04,12.286,12.345,12.434,12.029,119077.0,600335
3529,2016-08-05,12.345,12.315,12.602,12.167,131706.0,600335
3530,2016-08-08,12.246,12.74,12.74,11.999,164888.0,600335
3531,2016-08-09,12.74,12.789,12.809,12.543,131625.0,600335
3532,2016-08-10,12.72,12.434,12.947,12.424,143131.0,600335
3533,2016-08-11,12.365,12.187,12.552,12.098,99156.0,600335
3534,2016-08-12,12.197,12.493,12.523,12.039,102283.0,600335
3535,2016-08-15,12.444,12.592,12.72,12.306,174813.0,600335
3536,2016-08-16,12.592,12.444,12.691,12.296,164374.0,600335
3537,2016-08-17,12.345,12.473,12.493,12.256,96992.0,600335
3538,2016-08-18,12.562,12.246,12.631,12.227,139115.0,600335
3539,2016-08-19,12.266,12.266,12.444,12.118,83776.0,600335
3540,2016-08-22,12.306,12.197,12.315,12.128,73946.0,600335
3541,2016-08-23,12.217,12.592,12.631,12.207,193737.0,600335
3542,2016-08-24,12.552,12.543,12.671,12.414,89589.0,600335
3543,2016-08-25,12.533,12.829,12.997,12.365,206909.0,600335
3544,2016-08-26,12.74,13.194,13.58,12.641,253194.0,600335
3545,2016-08-29,13.165,13.254,13.58,13.066,156899.0,600335
3546,2016-08-30,13.194,13.185,13.54,12.977,136651.0,600335
3547,2016-08-31,13.185,13.224,13.273,12.888,76318.0,600335
3548,2016-09-01,13.234,13.668,14.123,13.214,172067.0,600335
3549,2016-09-02,13.668,13.293,13.866,13.135,137963.0,600335
3550,2016-09-05,13.441,13.826,13.945,13.333,139873.0,600335
3551,2016-09-06,13.826,14.498,14.636,13.589,189209.0,600335
3552,2016-09-07,14.478,14.419,14.617,14.231,127968.0,600335
3553,2016-09-08,14.449,14.735,14.873,14.35,120068.0,600335
3554,2016-09-09,14.696,14.459,14.962,14.419,107786.0,600335
3555,2016-09-12,13.876,13.589,14.221,13.54,135537.0,600335
3556,2016-09-13,13.817,13.649,13.896,13.451,80751.0,600335
3557,2016-09-14,13.53,13.422,13.678,13.372,64839.0,600335
3558,2016-09-19,13.431,13.688,13.787,13.431,54893.0,600335
3559,2016-09-20,13.728,13.57,13.797,13.52,57811.0,600335
3560,2016-09-21,13.53,13.471,13.659,13.451,34459.0,600335
3561,2016-09-22,13.52,13.352,13.718,13.323,57481.0,600335
3562,2016-09-23,13.362,13.303,13.53,13.194,67271.0,600335
3563,2016-09-26,13.303,12.908,13.313,12.839,76379.0,600335
3564,2016-09-27,12.928,13.007,13.017,12.631,60688.0,600335
3565,2016-09-28,13.036,13.017,13.106,12.859,36867.0,600335
3566,2016-09-29,13.026,13.402,13.422,13.017,67316.0,600335
3567,2016-09-30,13.382,13.273,13.382,13.145,42357.0,600335
3568,2016-10-10,13.283,13.56,13.649,13.283,49979.0,600335
3569,2016-10-11,13.56,13.639,13.777,13.451,65645.0,600335
3570,2016-10-12,13.58,13.382,13.629,13.313,57282.0,600335
3571,2016-10-13,13.471,13.293,13.471,13.273,51426.0,600335
3572,2016-10-14,13.283,13.204,13.283,13.066,37535.0,600335
3573,2016-10-17,13.244,13.086,13.244,12.977,47284.0,600335
3574,2016-10-18,13.076,13.155,13.283,12.987,58275.0,600335
3575,2016-10-19,13.204,13.066,13.254,13.007,42681.0,600335
3576,2016-10-20,13.115,13.175,13.224,13.017,41165.0,600335
3577,2016-10-21,13.175,13.066,13.234,12.928,48758.0,600335
3578,2016-10-24,13.056,13.224,13.283,13.036,46961.0,600335
3579,2016-10-25,13.185,13.254,13.333,13.165,36536.0,600335
3580,2016-10-26,13.293,13.096,13.303,13.056,37892.0,600335
3581,2016-10-27,13.017,12.799,13.066,12.789,58948.0,600335
3582,2016-10-28,12.78,12.819,12.938,12.74,37474.0,600335
3583,2016-10-31,12.819,13.017,13.046,12.701,27216.0,600335
3584,2016-11-01,13.036,13.046,13.145,13.017,25465.0,600335
3585,2016-11-02,13.036,12.819,13.036,12.819,40051.0,600335
3586,2016-11-03,12.71,12.938,12.947,12.691,62216.0,600335
3587,2016-11-04,12.799,12.789,12.947,12.73,29815.0,600335
3588,2016-11-07,12.799,12.997,13.125,12.691,56937.0,600335
3589,2016-11-08,12.938,13.362,13.461,12.938,87006.0,600335
3590,2016-11-09,13.283,13.362,13.491,13.086,88147.0,600335
3591,2016-11-10,13.392,13.422,13.53,13.254,56085.0,600335
3592,2016-11-11,13.57,13.481,13.896,13.471,91681.0,600335
3593,2016-11-14,13.491,13.362,13.501,13.283,62487.0,600335
3594,2016-11-15,13.343,13.372,13.481,13.264,51842.0,600335
3595,2016-11-16,13.372,13.254,13.422,13.175,48913.0,600335
3596,2016-11-17,13.234,13.234,13.451,13.194,37154.0,600335
3597,2016-11-18,13.303,13.234,13.313,13.185,28932.0,600335
3598,2016-11-21,13.214,13.224,13.333,13.046,31610.0,600335
3599,2016-11-22,13.224,13.185,13.303,13.125,33382.0,600335
3600,2016-11-23,13.214,13.254,13.293,13.155,43102.0,600335
3601,2016-11-24,13.283,13.165,13.303,13.155,28792.0,600335
3602,2016-11-25,13.155,12.938,13.214,12.789,67377.0,600335
3603,2016-11-28,12.928,12.947,13.017,12.829,35318.0,600335
3604,2016-11-29,12.977,12.78,12.977,12.74,36984.0,600335
3605,2016-11-30,12.789,12.493,12.829,12.444,55302.0,600335
3606,2016-12-01,12.503,12.424,12.592,12.325,62298.0,600335
3607,2016-12-02,12.434,12.503,12.661,12.355,48903.0,600335
3608,2016-12-05,12.503,12.394,12.75,12.108,61948.0,600335
3609,2016-12-06,12.375,12.296,12.434,12.227,31100.0,600335
3610,2016-12-07,12.246,12.533,12.602,12.246,38055.0,600335
3611,2016-12-08,12.543,12.464,12.671,12.454,25817.0,600335
3612,2016-12-09,12.543,12.276,12.543,12.256,34537.0,600335
3613,2016-12-12,12.246,11.871,12.394,11.752,59549.0,600335
3614,2016-12-13,11.881,11.97,12.098,11.822,32347.0,600335
3615,2016-12-14,11.97,11.93,12.098,11.881,24913.0,600335
3616,2016-12-15,11.831,11.871,12.039,11.802,33982.0,600335
3617,2016-12-16,11.93,11.92,11.999,11.851,22198.0,600335
3618,2016-12-19,11.92,11.881,11.97,11.812,31793.0,600335
3619,2016-12-20,11.881,11.713,11.95,11.664,41933.0,600335
3620,2016-12-21,11.762,11.861,11.871,11.733,37986.0,600335
3621,2016-12-22,11.881,12.217,12.256,11.792,58167.0,600335
3622,2016-12-23,12.197,12.049,12.296,11.97,35713.0,600335
3623,2016-12-26,12.049,11.95,12.049,11.831,28354.0,600335
3624,2016-12-27,11.95,11.97,12.059,11.93,21170.0,600335
3625,2016-12-28,11.98,11.891,12.078,11.851,32118.0,600335
3626,2016-12-29,11.891,11.92,11.999,11.752,26561.0,600335
3627,2016-12-30,11.871,11.999,12.009,11.871,27290.0,600335
3628,2017-01-03,11.999,12.049,12.049,11.92,24833.0,600335
3629,2017-01-04,12.088,12.128,12.197,11.96,35438.0,600335
3630,2017-01-05,12.128,12.246,12.464,12.049,40082.0,600335
3631,2017-01-06,12.236,12.157,12.306,12.148,23387.0,600335
3632,2017-01-09,12.167,12.394,12.552,12.098,44516.0,600335
3633,2017-01-10,12.394,12.246,12.414,12.246,24969.0,600335
3634,2017-01-11,12.345,12.148,12.355,12.138,20104.0,600335
3635,2017-01-12,12.108,12.059,12.325,12.049,21274.0,600335
3636,2017-01-13,12.039,11.92,12.148,11.792,21639.0,600335
3637,2017-01-16,11.861,11.654,11.999,11.456,42789.0,600335
3638,2017-01-17,11.654,11.762,11.851,11.535,24319.0,600335
3639,2017-01-18,11.762,11.841,11.93,11.654,28201.0,600335
3640,2017-01-19,11.861,11.812,11.94,11.782,17178.0,600335
3641,2017-01-20,11.762,11.901,12.009,11.743,20762.0,600335
3642,2017-01-23,11.95,12.148,12.276,11.95,28321.0,600335
3643,2017-01-24,12.138,12.148,12.236,12.039,26152.0,600335
3644,2017-01-25,12.167,12.138,12.286,12.098,18259.0,600335
3645,2017-01-26,12.138,12.227,12.286,12.088,19616.0,600335
3646,2017-02-03,12.256,11.881,12.276,11.851,31882.0,600335
3647,2017-02-06,11.871,12.059,12.088,11.851,32553.0,600335
3648,2017-02-07,12.118,12.256,12.276,12.019,33948.0,600335
3649,2017-02-08,12.236,12.385,12.404,12.148,46210.0,600335
3650,2017-02-09,12.454,12.385,12.503,12.256,38727.0,600335
3651,2017-02-10,12.414,12.533,12.641,12.315,46321.0,600335
3652,2017-02-13,12.464,12.75,12.898,12.464,66562.0,600335
3653,2017-02-14,12.691,12.592,12.78,12.483,38570.0,600335
3654,2017-02-15,12.592,12.315,12.622,12.296,46834.0,600335
3655,2017-02-16,12.315,12.473,12.493,12.286,27949.0,600335
3656,2017-02-17,12.464,12.276,12.592,12.246,34495.0,600335
3657,2017-02-20,12.286,12.444,12.464,12.286,23922.0,600335
3658,2017-02-21,12.493,13.066,13.204,12.444,146345.0,600335
3659,2017-02-22,12.997,13.431,13.51,12.997,162432.0,600335
3660,2017-02-23,13.481,13.333,13.52,13.086,80420.0,600335
3661,2017-02-24,13.264,13.224,13.431,13.145,40260.0,600335
3662,2017-02-27,13.175,13.036,13.283,12.938,41144.0,600335
3663,2017-02-28,13.036,13.066,13.115,12.957,26980.0,600335
3664,2017-03-01,12.997,12.908,13.333,12.898,79283.0,600335
3665,2017-03-02,13.086,13.866,14.202,13.086,198098.0,600335
3666,2017-03-03,13.738,13.935,14.063,13.52,90934.0,600335
3667,2017-03-06,13.856,14.083,14.37,13.728,108247.0,600335
3668,2017-03-07,14.073,13.668,14.172,13.491,124388.0,600335
3669,2017-03-08,13.629,13.659,13.767,13.362,74903.0,600335
3670,2017-03-09,13.668,13.56,13.708,13.431,36156.0,600335
3671,2017-03-10,13.58,13.649,13.718,13.481,37807.0,600335
3672,2017-03-13,13.589,13.905,14.004,13.589,59455.0,600335
3673,2017-03-14,14.014,13.57,14.034,13.51,56322.0,600335
3674,2017-03-15,13.58,13.589,13.767,13.441,22903.0,600335
3675,2017-03-16,13.668,13.599,13.787,13.501,41373.0,600335
3676,2017-03-17,13.599,13.214,13.668,13.115,89888.0,600335
3677,2017-03-20,13.135,13.086,13.293,12.918,47844.0,600335
3678,2017-03-21,13.125,12.997,13.135,12.908,56662.0,600335
3679,2017-03-22,12.928,13.007,13.185,12.878,41346.0,600335
3680,2017-03-23,13.007,13.007,13.125,12.839,35710.0,600335
3681,2017-03-24,13.007,13.204,13.224,12.928,52210.0,600335
3682,2017-03-27,13.254,12.957,13.293,12.947,36287.0,600335
3683,2017-03-28,12.957,12.967,13.076,12.888,21671.0,600335
3684,2017-03-29,13.106,12.661,13.106,12.641,43033.0,600335
3685,2017-03-30,12.671,12.424,12.76,12.296,50196.0,600335
3686,2017-03-31,12.394,12.77,12.908,12.394,51892.0,600335
3687,2017-04-05,13.431,13.106,13.431,12.947,66259.0,600335
3688,2017-04-06,13.066,13.501,13.807,13.066,151772.0,600335
3689,2017-04-07,13.333,13.777,13.965,13.333,141498.0,600335
3690,2017-04-10,13.797,14.182,14.399,13.797,151085.0,600335
3691,2017-04-11,14.123,14.083,14.291,13.767,90527.0,600335
3692,2017-04-12,13.925,13.757,13.925,13.629,56993.0,600335
3693,2017-04-13,13.668,14.004,14.241,13.668,66932.0,600335
3694,2017-04-14,14.004,13.767,14.212,13.728,57258.0,600335
3695,2017-04-17,13.797,13.649,13.994,13.57,43200.0,600335
3696,2017-04-18,13.856,14.024,14.103,13.609,79632.0,600335
3697,2017-04-19,13.896,13.106,14.004,13.036,63568.0,600335
3698,2017-04-20,13.036,13.352,13.382,12.987,50420.0,600335
3699,2017-04-21,13.333,13.214,13.649,13.096,36366.0,600335
3700,2017-04-24,13.234,12.789,13.333,12.444,35509.0,600335
3701,2017-04-25,12.74,12.681,13.026,12.641,39404.0,600335
3702,2017-04-26,12.671,13.086,13.165,12.671,37531.0,600335
3703,2017-04-27,13.125,13.106,13.313,12.602,70727.0,600335
3704,2017-04-28,13.066,13.244,13.313,12.997,34075.0,600335
3705,2017-05-02,13.125,12.868,13.382,12.819,52089.0,600335
3706,2017-05-03,12.938,12.74,13.036,12.691,44044.0,600335
3707,2017-05-04,12.76,12.839,12.967,12.701,34973.0,600335
3708,2017-05-05,12.74,12.74,12.839,12.562,24442.0,600335
3709,2017-05-08,12.71,11.95,12.74,11.871,66918.0,600335
3710,2017-05-09,11.861,11.98,12.088,11.762,39218.0,600335
3711,2017-05-10,12.029,11.664,12.148,11.575,45730.0,600335
3712,2017-05-11,11.683,11.95,11.98,11.407,40276.0,600335
3713,2017-05-12,11.752,11.614,11.92,11.101,76248.0,600335
3714,2017-05-15,11.594,11.545,11.614,11.407,23902.0,600335
3715,2017-05-16,11.525,11.812,11.851,11.377,38785.0,600335
3716,2017-05-17,11.752,11.743,11.94,11.614,46943.0,600335
3717,2017-05-18,11.594,11.417,11.644,11.387,34112.0,600335
3718,2017-05-19,11.357,11.071,11.456,10.962,47498.0,600335
3719,2017-05-22,11.061,10.883,11.209,10.666,45691.0,600335
3720,2017-05-23,10.824,10.113,10.864,9.846,147039.0,600335
3721,2017-05-24,9.965,10.004,10.153,9.827,61469.0,600335
3722,2017-05-25,9.975,10.241,10.409,9.935,67090.0,600335
3723,2017-05-26,10.241,10.241,10.38,10.182,32723.0,600335
3724,2017-05-31,10.419,10.251,10.518,10.241,43725.0,600335
3725,2017-06-01,10.251,9.896,10.33,9.876,33158.0,600335
3726,2017-06-02,9.827,10.36,10.38,9.827,50711.0,600335
3727,2017-06-05,10.399,10.488,10.745,10.38,43380.0,600335
3728,2017-06-06,10.627,10.577,10.666,10.498,31284.0,600335
3729,2017-06-07,10.637,11.18,11.357,10.627,81310.0,600335
3730,2017-06-08,11.19,11.18,11.298,11.032,30800.0,600335
3731,2017-06-09,11.288,11.407,11.594,11.199,60179.0,600335
3732,2017-06-12,11.348,10.913,11.357,10.893,48099.0,600335
3733,2017-06-13,10.903,11.051,11.17,10.903,38370.0,600335
3734,2017-06-14,11.081,11.229,11.377,11.051,36475.0,600335
3735,2017-06-15,11.14,11.387,11.575,11.111,46345.0,600335
3736,2017-06-16,11.407,11.318,11.486,11.269,31562.0,600335
3737,2017-06-19,11.407,11.752,11.802,11.269,64521.0,600335
3738,2017-06-20,11.762,11.683,12.049,11.575,86947.0,600335
3739,2017-06-21,11.703,11.97,11.999,11.357,62043.0,600335
3740,2017-06-22,12.01,12.15,12.49,11.81,83689.0,600335
3741,2017-06-23,12.05,12.12,12.46,12.0,36670.0,600335
3742,2017-06-26,12.11,12.21,12.29,11.7,64288.0,600335
3743,2017-06-27,12.13,12.07,12.18,11.99,28408.0,600335
3744,2017-06-28,12.1,11.81,12.1,11.69,25366.0,600335
3745,2017-06-29,11.8,12.04,12.49,11.79,67626.0,600335
3746,2017-06-30,12.07,11.96,12.07,11.83,25671.0,600335
3747,2017-07-03,11.9,12.14,12.15,11.82,36002.0,600335
3748,2017-07-04,12.13,11.82,12.35,11.75,51234.0,600335
3749,2017-07-05,11.84,11.86,11.9,11.73,41781.0,600335
3750,2017-07-06,11.85,11.72,11.91,11.59,43335.0,600335
3751,2017-07-07,11.7,11.56,11.72,11.42,42571.0,600335
3752,2017-07-10,11.65,11.61,11.75,11.47,34991.0,600335
3753,2017-07-11,11.58,11.77,11.78,11.51,36999.0,600335
3754,2017-07-12,11.77,11.58,11.78,11.21,63998.0,600335
3755,2017-07-13,11.45,11.2,11.47,11.16,44267.0,600335
3756,2017-07-14,11.11,11.2,11.35,11.11,25591.0,600335
3757,2017-07-17,11.19,10.59,11.2,10.28,53800.0,600335
3758,2017-07-18,10.55,10.43,10.55,10.08,58506.0,600335
3759,2017-07-19,10.38,10.86,10.9,10.26,49188.0,600335
3760,2017-07-20,10.79,10.96,11.17,10.78,42052.0,600335
3761,2017-07-21,11.5,12.06,12.06,11.33,168054.0,600335
3762,2017-07-24,12.44,12.53,13.27,12.35,298801.0,600335
3763,2017-07-25,12.53,12.43,12.59,12.11,119922.0,600335
3764,2017-07-26,12.3,12.11,12.48,11.88,207377.0,600335
3765,2017-07-27,12.01,12.08,12.23,11.94,124439.0,600335
3766,2017-07-28,12.01,12.07,12.22,11.82,92003.0,600335
3767,2017-07-31,12.13,12.49,12.51,11.97,129291.0,600335
3768,2017-08-01,12.42,12.19,12.53,12.12,98557.0,600335
3769,2017-08-02,12.19,12.19,12.48,12.05,103970.0,600335
3770,2017-08-03,12.15,11.9,12.18,11.9,81887.0,600335
3771,2017-08-04,11.89,11.6,12.05,11.58,83778.0,600335
3772,2017-08-07,11.62,11.95,11.97,11.58,58324.0,600335
3773,2017-08-08,11.95,11.85,11.97,11.79,43000.0,600335
3774,2017-08-09,11.84,11.93,11.94,11.75,35896.0,600335
3775,2017-08-10,11.91,12.35,12.47,11.9,132813.0,600335
3776,2017-08-11,12.15,11.9,12.59,11.86,95396.0,600335
3777,2017-08-14,11.89,12.09,12.12,11.77,54492.0,600335
3778,2017-08-15,12.05,12.78,12.87,12.05,176704.0,600335
3779,2017-08-16,12.6,12.84,13.03,12.54,132365.0,600335
3780,2017-08-17,13.2,13.0,13.36,12.9,160104.0,600335
3781,2017-08-18,12.88,13.31,13.34,12.77,183477.0,600335
3782,2017-08-21,13.41,13.09,13.55,13.03,160227.0,600335
3783,2017-08-22,13.1,12.77,13.1,12.61,104596.0,600335
3784,2017-08-23,12.76,12.63,12.94,12.55,67349.0,600335
3785,2017-08-24,12.53,12.55,12.82,12.42,72175.0,600335
3786,2017-08-25,12.46,12.74,12.75,12.45,68367.0,600335
3787,2017-08-28,12.74,12.69,12.87,12.64,91421.0,600335
3788,2017-08-29,12.67,13.0,13.13,12.66,108354.0,600335
3789,2017-08-30,13.0,12.91,13.03,12.8,69282.0,600335
3790,2017-08-31,12.87,12.55,12.87,12.53,91421.0,600335
3791,2017-09-01,12.62,12.72,12.8,12.5,93054.0,600335
3792,2017-09-04,12.72,12.47,12.73,12.38,92694.0,600335
3793,2017-09-05,12.49,12.31,12.56,12.28,71961.0,600335
3794,2017-09-06,12.3,12.77,12.79,12.09,105011.0,600335
3795,2017-09-07,12.71,12.57,12.87,12.55,81982.0,600335
3796,2017-09-08,12.57,13.02,13.05,12.49,150421.0,600335
3797,2017-09-11,12.98,13.39,13.5,12.86,207330.0,600335
3798,2017-09-12,13.35,13.49,14.15,13.14,299159.0,600335
3799,2017-09-13,13.5,13.44,13.66,13.22,111357.0,600335
3800,2017-09-14,13.38,13.54,13.56,13.11,103131.0,600335
3801,2017-09-15,13.41,13.74,13.78,13.2,115670.0,600335
3802,2017-09-18,13.71,13.77,14.15,13.6,139532.0,600335
3803,2017-09-19,13.62,13.54,13.73,13.41,97331.0,600335
3804,2017-09-20,13.54,13.77,14.0,13.38,115855.0,600335
3805,2017-09-21,13.71,13.42,13.8,13.36,72770.0,600335
3806,2017-09-22,13.28,13.4,13.62,13.18,62109.0,600335
3807,2017-09-25,13.37,13.27,13.49,13.11,42576.0,600335
3808,2017-09-26,13.29,13.58,13.62,13.21,51523.0,600335
3809,2017-09-27,13.5,13.71,13.95,13.46,135278.0,600335
3810,2017-09-28,13.75,14.1,14.35,13.69,158120.0,600335
3811,2017-09-29,14.0,14.03,14.22,13.9,73557.0,600335
3812,2017-10-09,14.22,14.01,14.48,13.91,119098.0,600335
3813,2017-10-10,14.05,13.74,14.06,13.46,136072.0,600335
3814,2017-10-11,13.61,13.64,13.81,13.55,60273.0,600335
3815,2017-10-12,13.68,13.45,13.68,13.4,42155.0,600335
3816,2017-10-13,13.44,13.53,13.6,13.32,45152.0,600335
3817,2017-10-16,13.51,13.01,13.69,12.89,100366.0,600335
3818,2017-10-17,12.91,13.17,13.26,12.91,45108.0,600335
3819,2017-10-18,13.14,12.88,13.28,12.72,61717.0,600335
3820,2017-10-19,12.87,12.45,12.88,12.37,60023.0,600335
3821,2017-10-20,12.43,12.56,12.65,12.37,36432.0,600335
3822,2017-10-23,12.6,12.99,13.05,12.6,55278.0,600335
3823,2017-10-24,12.9,12.82,12.93,12.61,41921.0,600335
3824,2017-10-25,12.8,12.89,12.92,12.61,67552.0,600335
3825,2017-10-26,12.82,12.96,13.01,12.76,52049.0,600335
3826,2017-10-27,12.9,12.27,12.92,12.25,145776.0,600335
3827,2017-10-30,12.29,12.35,12.38,11.93,68745.0,600335
3828,2017-10-31,12.24,12.24,12.44,12.16,41879.0,600335
3829,2017-11-01,12.26,11.99,12.33,11.98,78028.0,600335
3830,2017-11-02,11.95,11.64,12.0,11.61,74530.0,600335
3831,2017-11-03,11.69,11.81,11.84,11.62,47393.0,600335
3832,2017-11-06,11.89,11.66,11.95,11.56,74254.0,600335
3833,2017-11-07,11.85,11.75,11.85,11.69,64891.0,600335
3834,2017-11-08,11.87,12.19,12.39,11.85,187854.0,600335
3835,2017-11-09,12.17,12.25,12.32,12.11,85979.0,600335
3836,2017-11-10,12.44,12.61,12.88,12.44,182818.0,600335
3837,2017-11-13,12.46,12.47,12.57,12.21,110903.0,600335
3838,2017-11-14,12.36,12.07,12.38,12.03,77380.0,600335
3839,2017-11-15,12.02,11.85,12.2,11.84,61891.0,600335
3840,2017-11-16,11.84,11.85,11.94,11.69,53543.0,600335
3841,2017-11-17,11.8,11.49,11.85,11.43,59196.0,600335
3842,2017-11-20,11.45,11.72,11.79,11.06,72681.0,600335
3843,2017-11-21,11.63,11.48,11.66,11.44,50086.0,600335
3844,2017-11-22,11.48,11.52,11.68,11.44,35651.0,600335
3845,2017-11-23,11.52,11.25,11.59,11.23,34645.0,600335
3846,2017-11-24,11.2,11.28,11.48,11.12,37197.0,600335
3847,2017-11-27,11.28,11.56,11.68,11.23,55278.0,600335
3848,2017-11-28,11.62,11.7,11.77,11.55,36702.0,600335
3849,2017-11-29,11.7,11.65,11.7,11.38,45651.0,600335
3850,2017-11-30,11.7,11.58,11.8,11.52,54975.0,600335
3851,2017-12-01,11.53,11.41,11.64,11.39,31958.0,600335
3852,2017-12-04,11.4,11.21,11.43,11.19,35828.0,600335
3853,2017-12-05,11.4,11.13,11.4,11.02,36038.0,600335
3854,2017-12-06,11.17,11.5,11.5,11.01,38376.0,600335
3855,2017-12-07,11.42,11.4,11.52,11.32,30332.0,600335
3856,2017-12-08,11.4,11.57,11.67,11.38,37509.0,600335
3857,2017-12-11,11.52,11.62,11.67,11.5,37403.0,600335
